[6.661338147750939e-16]
[6.661338147750939e-16]
[-0.5959262177123883]
[2.708375494736954]
[-3.520514352222415]
[0.2619255887015145]
[1.6570047202456526]
[0.5732300323895598]
[3.3306690738754696e-16]
[-6.661338147750939e-16]
[1.4953299381293665]
[0.45572541917097276]
[-0.6328131991627818]
[3.517371766218239]
[-0.5009234691498811]
[-1.5032638400197356]
[-1.3322676295501878e-15]
[-4.440892098500626e-16]
[-0.5160829175127786]
[-1.6582212286395648]
[2.4856847657249235]
[0.4619466340947647]
[-2.5884659848000555]
[0.4672004547046897]
[-6.661338147750939e-16]
[1.3322676295501878e-15]
[-2.561372990148587]
[0.4831295341415711]
[-0.6000627977789493]
[-2.5383094176141108]
[-0.5896968962899155]
[2.3586140089663283]
[6.661338147750939e-16]
[3.3306690738754696e-16]
[-0.5210228999736637]
[2.4744325475977096]
[-3.5476492659542727]
[0.3284519980071424]
[1.5735552786612774]
[0.5206978703282508]
[1.6653345369377348e-16]
[-1.3322676295501878e-15]
[1.4884448068578022]
[0.41418694614067775]
[-0.11723595122404373]
[3.7143855349847827]
[-0.49059542889420993]
[-1.4678954107744162]
[-1.3322676295501878e-15]
[-3.885780586188048e-16]
[-0.5016040877994756]
[-1.5240767628804823]
[2.410119533496971]
[0.4855805952575335]
[-2.5372595511473994]
[0.4147735377203295]
[-8.881784197001252e-16]
[8.881784197001252e-16]
[-2.5356812948223224]
[0.6182977165069024]
[-0.7646727459349867]
[-2.353451712739432]
[-0.5204906711604319]
[2.486668332026001]
[1.3322676295501878e-15]
[1.1102230246251565e-16]
[-0.4095778913646799]
[2.394670606594345]
[-3.566162359723231]
[0.7420629478643869]
[1.3843451226418488]
[0.5137141042492533]
[3.3306690738754696e-16]
[-1.1102230246251565e-15]
[1.5704061988168116]
[0.4496281675144813]
[-0.2948921801152885]
[3.9074437163898326]
[-0.558032382770419]
[-1.5247260499483377]
[-1.3322676295501878e-15]
[-4.440892098500626e-16]
[-0.5028230231568065]
[-1.3903087419100033]
[2.463500938010438]
[0.519722488121292]
[-2.5150642502343357]
[0.527288326561366]

-----------
Part A Test Case 1
  Failed: Distance greater than tolerance 0.1
  Expected Location:	(-0.9836015258353221, -0.02355806523423487)
  SLAM Location:	(0, 0)
  Credit: 0.0
[-1.1546319456101628e-14]
[5.051514762044462e-15]
[-1.7272435893849627]
[3.443773419617293]
[-0.31462498581497655]
[3.51649642074588]
[1.5005691767400142]
[3.58475681099828]
[2.252241217856244]
[3.6544256537588153]
[6.199113652388258]
[2.5208024759624514]
[-1.660502365096633]
[2.3974326777321764]
[5.733024891692272]
[2.7272830851634606]
[-1.5443585181440174]
[1.4825998424430984]
[5.571487949044306]
[1.44003861322722]
[-1.5049943980246674]
[0.5044316195004788]
[-1.5407383563948471]
[-0.5222692268316589]
[0.4805865518111654]
[-0.504007163899644]
[1.5643283051729053]
[-0.5067023942130708]
[2.785085456053257]
[-0.48660808052033316]
[4.346339819677099]
[-0.47981805044814424]
[5.620937280990977]
[-0.25293776439017124]
[-2.6645352591003757e-15]
[-9.71445146547012e-16]
[-2.1792163386986756]
[3.616798682064697]
[-1.181264555074331]
[3.2915821755126453]
[-0.07238591593320098]
[3.692768723906611]
[1.78336831333019]
[3.3365284594441933]
[4.503978620655106]
[3.0400596237183883]
[-2.759835465877675]
[2.5665644485099484]
[4.256236474935891]
[3.6795653106363164]
[-2.4469019877023124]
[1.6488527644257673]
[4.789502387991686]
[1.954725502329942]
[-2.411730153004533]
[0.5227716838647471]
[-2.510530248282244]
[-0.387331516568606]
[-0.47472171705730215]
[-0.49729105920445554]
[0.5156202017906324]
[-0.5112288464891485]
[1.4884556977910761]
[-0.5817252466691663]
[3.3414687508129655]
[-0.40682954205572397]
[4.749504002994151]
[-0.2398678205013759]
[-4.440892098500626e-16]
[8.548717289613705e-15]
[-3.7267516887331493]
[3.6072822447111728]
[-2.07592268103816]
[4.030340923478386]
[-0.7336157162478898]
[3.595258086913966]
[0.7245429465054922]
[3.434262338659633]
[2.7379617629150674]
[4.023646700659091]
[-3.494335861818878]
[2.4019761917015137]
[3.421840572935413]
[2.3899236881739236]
[-3.286290668861816]
[1.7235051688659273]
[3.334181775150394]
[1.715431939927706]
[-3.308514430996446]
[0.8743090674550466]
[-3.412533737917536]
[-0.5829149077979635]
[-1.5357081057183386]
[-0.5580744551623712]
[-0.46727937175876555]
[-0.49844876702703644]
[0.4999729095954528]
[-0.49191496576032623]
[2.5777868068818757]
[-0.5812600686478591]
[3.188562729061154]
[-0.9510397167368408]
[-4.440892098500626e-15]
[1.5543122344752192e-15]
[-4.746827453848671]
[3.133072242604858]
[-4.023411196913553]
[2.6295239701753905]
[-1.6700429567302515]
[3.438660370076344]
[-0.2270094229234063]
[3.480736943486829]
[2.9082536133723105]
[3.519005486635243]
[-4.536608024510921]
[2.3887588046100565]
[2.389336304294799]
[2.4164012451250403]
[-4.4035641351961985]
[1.694508599626372]
[2.6284603504421886]
[1.50706375587585]
[-4.835543312175732]
[0.15415283808971347]
[-4.052998056014035]
[-1.068334615584948]
[-2.4647527273698984]
[-0.4334196491250193]
[-1.4453529765188433]
[-0.5278049603692692]
[-0.48284730902040485]
[-0.5008519547458861]
[1.545645011580039]
[-0.5963209518243177]
[2.658682654894593]
[-0.7143584232514261]
[4.6629367034256575e-15]
[-8.881784197001252e-16]
[3.106844759801125]
[3.915745218783515]
[3.0924561835162643]
[3.555528418742536]
[2.7033546344875647]
[1.5005023213043658]
[2.544864168963092]
[0.5133541339588712]
[2.742633370310302]
[-2.8085705963639844]
[1.964599173654373]
[4.088152425623236]
[1.6582554141350376]
[-2.470586884744315]
[0.7232465865977464]
[4.306710733580632]
[0.43848515433987734]
[-2.6297754181824895]
[-0.4653473094801712]
[4.383709867372053]
[-1.0394432401885618]
[4.509025023885207]
[-1.6035345704081814]
[2.585008948623603]
[-1.4094141163736087]
[1.3268894433441871]
[-1.5550577435913353]
[0.5757595823175592]
[-1.6090560256175952]
[-1.4601461253652075]
[-1.7092423215402988]
[-2.5128020500323585]
[2.220446049250313e-15]
[-3.552713678800501e-15]
[3.2920239682522734]
[-2.628165351058292]
[2.599066706623444]
[-2.4518682454355014]
[0.5774850605840633]
[-2.2493911365961665]
[-0.3600119742867456]
[-2.4684427433542453]
[-3.7661050880436604]
[-2.973144426091674]
[3.2675247124213795]
[-1.3488137009982042]
[-3.4714883079415335]
[-1.112505545100352]
[3.663643158898935]
[-0.9083442352952089]
[-3.5748944636611992]
[-0.9263572915099305]
[3.4471355332330536]
[0.920970352218704]
[3.5214607209043054]
[1.4711313435562385]
[1.5613644568765208]
[1.4950794276637775]
[0.5055132352649334]
[1.4833345796755393]
[-0.5409843212309924]
[1.5619637317109198]
[-2.478819532084043]
[1.509544848139393]
[-3.55683213747383]
[1.4446701925043541]

-----------
Part A Test Case 2
  Failed: Distance greater than tolerance 0.1
  Expected Location:	(1.994077551354422, 0.01204713025802917)
  SLAM Location:	(0, 0)
  Credit: 0.0
[1.1102230246251565e-15]
[3.774758283725532e-15]
[-4.364850214188572]
[4.069908735562862]
[-2.768311856298335]
[3.557338216900474]
[-2.4493842234267307]
[3.4649047678434393]
[-1.3617827260027062]
[3.471261419445481]
[-0.5421301329554116]
[3.5725821520396854]
[1.320092089020122]
[3.7084169099597335]
[-1.5684722638408988]
[2.3065264941959898]
[1.7223297497120236]
[2.5160973379870972]
[-3.8949827684426226]
[1.9633743000562363]
[-1.51704738185994]
[1.450434133951339]
[1.544145071796219]
[1.3968922569227376]
[-2.3949773396357346]
[0.5452351860413835]
[1.7306750450507822]
[0.5533732409720699]
[-5.4342002030091034]
[-0.27907696406577104]
[-3.506423097354197]
[-0.31260405234996547]
[-1.5472531325629542]
[-0.5021680315529727]
[-0.49734412402063555]
[-0.4943130173135944]
[0.48570010546530895]
[-0.49377803104255635]
[1.5785900699260718]
[-0.5753448027434704]
[-4.9404924595819466e-15]
[1.942890293094024e-15]
[-4.780682975667181]
[4.507847740728672]
[-4.4872152024537835]
[3.626853801614165]
[-3.5737021606899626]
[2.7539619630738668]
[-2.201863943126808]
[3.521656937205448]
[-1.4318170162182156]
[3.526418506579015]
[0.9608966958730822]
[3.5249014602329636]
[-2.033068140762759]
[2.5594932518864115]
[0.40782545710955975]
[2.410363840400903]
[-5.506377120602828]
[0.41587300337116084]
[-2.561740721794585]
[1.3777399079696262]
[0.5983227525905338]
[1.4867627256919334]
[-3.2707699175629377]
[0.449753928136159]
[0.5202419755851048]
[0.5164608461573312]
[-6.17841873781568]
[-0.2634301908615775]
[-3.759450669181221]
[-0.7198516849571056]
[-2.362790367861491]
[-0.37144357163687675]
[-1.5348886407187534]
[-0.46858174759582394]
[-0.49081968604427473]
[-0.4921223852783575]
[0.46437764956732064]
[-0.4638562177085851]
[-3.9968028886505635e-15]
[-9.43689570931383e-16]
[-4.818480609196715]
[-4.439258007543838]
[-4.392146613811355]
[-4.372999178995959]
[-5.068633380389245]
[-3.2191020745453636]
[-3.927640797981984]
[-2.450271707082257]
[-5.026654714576193]
[-1.1907098290091123]
[-4.529336886205782]
[0.6051787144089888]
[-3.5652170390618574]
[-2.3802849466885876]
[-3.292670882565541]
[0.5599806121645736]
[-2.523227681419338]
[-5.479570444670676]
[-2.427536249795711]
[-2.55235317859652]
[-2.505555414133635]
[0.3895661838723958]
[-1.5390172142258016]
[-3.404637882849146]
[-1.5937696874444962]
[0.5771667226442745]
[-0.8733420784336048]
[-6.64234625885876]
[-0.38255152096029227]
[-4.39365720580513]
[-0.3803461773296824]
[-2.474685945874224]
[-0.47314756864192686]
[-1.4733697515760293]
[-0.49063586403256343]
[-0.4884919128220905]
[-0.5219070270571288]
[0.47962627159441357]
[1.2878587085651816e-14]
[-5.995204332975845e-15]
[-5.135520427860279]
[-6.3377590092388205]
[-5.1206250942521265]
[-5.0968701453872995]
[-5.573472986384658]
[-3.831539291847562]
[-4.906137768953421]
[-1.9133627590976552]
[-6.0183479526877965]
[-1.036022947400183]
[-5.1114872017758595]
[1.0506173598272792]
[-4.045281424165542]
[-2.7399902507063305]
[-4.516840321859592]
[0.27666282004520437]
[-2.4547949838108423]
[-5.792433737404125]
[-3.3634341173791387]
[-2.00153964195208]
[-3.380310809695413]
[0.46728099381031063]
[-2.5377766718824564]
[-3.888697238994985]
[-2.572869456020343]
[0.5216939019642532]
[-0.37391452377866186]
[-6.715097552630939]
[-2.1210455177073437]
[-4.24127041782955]
[-1.5108563062029257]
[-2.7109721728023075]
[-1.396703816367229]
[-1.5913903853273763]
[-1.6017172996777105]
[-0.5509589177161293]
[-1.5865189573708007]
[0.5182036338016759]
[4.218847493575595e-15]
[-2.886579864025407e-15]
[5.300732904934691]
[-5.239466890035282]
[4.1527535565050915]
[-5.266168351538126]
[2.373643987381927]
[-6.06891601045966]
[2.107982780636168]
[-5.323719900499135]
[-0.35271327366610294]
[-5.776879778172049]
[-1.1685037637626523]
[-5.825020429905408]
[2.1419395473765612]
[-4.269118211991185]
[-1.6053684072018501]
[-4.448280102353348]
[4.741380901555685]
[-2.9006670473264506]
[1.5384699301227989]
[-3.3343551382133656]
[-1.3146151693187413]
[-3.569905980033899]
[2.3955138984247695]
[-2.6999751452428296]
[-1.685530356079864]
[-2.500803316685887]
[5.657532851463797]
[-1.5413980956058384]
[3.5589483653287615]
[-2.035737526345597]
[1.559853466192792]
[-1.6456956212720746]
[0.46262454673866227]
[-1.4922467013830099]
[-0.47733939215118837]
[-1.6521250769447866]
[-1.5155902365401674]
[-1.6404756140094352]
[-3.552713678800501e-15]
[-1.1102230246251565e-14]
[3.3427327640292233]
[-5.462074178147855]
[4.108669041543565]
[-4.882045135208908]
[1.4810408074225796]
[-5.90972352145793]
[0.2501741127931263]
[-5.042831193860844]
[0.052285832485031936]
[-5.3789986593413115]
[-2.731073841171564]
[-4.511717503007561]
[-0.27519315264571365]
[-4.938936878623172]
[-2.204517026698009]
[-4.9263500023566325]
[2.953944289935002]
[-3.7701018854135286]
[0.8682083852496754]
[-3.518846057968225]
[-2.1375434274438905]
[-3.959294727894976]
[1.491022334594049]
[-2.6502963364218646]
[-2.4308925488541875]
[-2.331302976155321]
[4.5737246466240675]
[-1.635008872824209]
[2.3449550979574116]
[-1.712621749697677]
[0.46020454236588826]
[-1.5244901942289426]
[-0.6055334621883326]
[-1.4829407261466714]
[-1.4378036897934803]
[-1.6195189146656424]
[-2.438201429719502]
[-1.6130427486327659]

-----------
Part A Test Case 3
  Failed: Distance greater than tolerance 0.1
  Expected Location:	(-2.0047167200901104, -2.018069957957519)
  SLAM Location:	(0, 0)
  Credit: 0.0
[0.0]
[3.885780586188048e-15]
[1.2155157887706505]
[4.85640311302228]
[0.5206670622332386]
[3.436452750597412]
[1.7407449630797163]
[1.5857166341771867]
[4.494160189880969]
[-0.5523197910502686]
[1.4432899320127035e-15]
[-1.7763568394002505e-15]
[4.764177270436695]
[-1.2399889985169152]
[3.386295475492144]
[-0.6946688450057734]
[1.405704399542399]
[-1.715581123960459]
[-0.5660200298671081]
[-4.458704000805137]
[-8.881784197001252e-16]
[-1.7208456881689926e-15]
[-1.6457486812826625]
[-4.297456451139419]
[-0.7246772128880794]
[-3.5183087283376357]
[-1.5263358887165732]
[-1.582374538033284]
[-4.615296336279541]
[0.33730561116129276]
[-3.552713678800501e-15]
[-8.881784197001252e-16]
[-5.563072186897031]
[-2.2505412588669893]
[-3.5118498836814296]
[-2.2950023159685173]
[-2.837985966007378]
[0.2983692551188426]
[-4.157808530819333]
[3.474774702041706]
[-3.552713678800501e-15]
[-1.3322676295501878e-15]
[-5.850404514217316]
[-2.7852504874262443]
[-4.006897941366764]
[-2.058264558733813]
[-3.7240755538530568]
[-0.3252352223451864]
[-4.196174751025818]
[2.8811624489719554]
[-3.552713678800501e-15]
[-1.7763568394002505e-15]
[-6.233736035944845]
[-2.677253065925788]
[-5.185753585976726]
[-2.8423362099986296]
[-4.065205582428912]
[0.40876834606096324]
[-5.1077441539644015]
[2.557295626717461]
[-3.885780586188048e-15]
[8.881784197001252e-16]
[-5.5233337188788845]
[4.3197369356025135]
[-3.934102257375442]
[4.134352678542191]
[-2.9278635070284453]
[3.088166771224647]
[0.5564600442211733]
[6.323674389181344]

-----------
Part A Test Case 4
  Failed: Distance greater than tolerance 0.1
  Expected Location:	(-1.173608850829725, -2.397147309793599)
  SLAM Location:	(0, 0)
  Credit: 0.0
[-1.7763568394002505e-15]
[-1.7763568394002505e-15]
[-1.4824349404874946]
[1.5924420839037694]
[0.538104741743616]
[1.4432269679785108]
[2.5294804402265183]
[1.437897337829174]
[3.2099182709724543]
[1.4037766774331337]
[4.032314577051136]
[1.9157990674189036]
[5.642379300579536]
[1.4904261001017831]
[-1.4718916703127345]
[0.4784502853945516]
[2.5717759199820955]
[0.6793660865035847]
[4.899434315954193]
[0.7680208010649547]
[-1.4784657801560215]
[-0.5195924733910413]
[0.4997995208946939]
[-0.5085288435157249]
[5.81780821493234]
[-0.6676996982102992]
[-1.6019381142566775]
[-1.6556799077963906]
[4.528950534225533]
[-1.515393422029835]
[-1.602773373402905]
[-2.446241109332184]
[0.5392363837604068]
[-2.33480901834691]
[2.575893603918666]
[-2.7777026007168604]
[2.220446049250313e-15]
[-4.440892098500626e-16]
[-2.345082654024473]
[1.6990847841250627]
[-0.48381470082507505]
[1.521893223211631]
[1.513566109485317]
[1.5045690597615886]
[2.5944164985267006]
[1.7397215028919821]
[3.256111151682558]
[1.4323216785693367]
[4.23300973113984]
[1.891467231312694]
[-2.6539469510605733]
[0.5347278758749936]
[1.3450063223319626]
[0.5464782585368337]
[4.4008756053734714]
[0.39590045647912264]
[-2.6827919858395846]
[-0.6198782299461629]
[-0.4878234216347157]
[-0.5255359875267049]
[4.531934505143015]
[-0.395035992283558]
[-2.512986523667785]
[-1.5610503047024493]
[3.695182135010658]
[-1.5344530729279113]
[-2.2907241831390643]
[-2.728695184470887]
[-0.7496879878198701]
[-2.46567986698522]
[1.740112803912161]
[-2.474891285644031]
[1.4432899320127035e-15]
[4.440892098500626e-16]
[-3.3317092535346795]
[2.028546908395414]
[-1.4626424569734704]
[1.5119531772522388]
[0.5000590983004111]
[1.6037971890911766]
[1.3535774695828797]
[1.5106698272975283]
[2.460403620787482]
[1.5942265553125736]
[3.8760870194164854]
[1.5929317191097185]
[-3.495876937624269]
[0.09354390696125892]
[0.47314765509785595]
[0.5151087085705188]
[3.160380265817995]
[0.3850261581641443]
[-3.313076699830687]
[-0.9414872029965071]
[-1.4296565438842808]
[-0.5120372469334176]
[3.5387723706560656]
[-0.36262444578759245]
[-3.2185506029423228]
[-1.4332878230268573]
[2.577673559787642]
[-1.3336430633286316]
[-3.593303249331795]
[-2.0357948985574104]
[-1.373642388199563]
[-2.448261362028852]
[0.617908341905794]
[-2.3801627516612394]
[-4.6629367034256575e-15]
[-1.1102230246251565e-15]
[-1.8368672276875995]
[-3.734582453283314]
[-2.691586684930421]
[-1.5234050928316571]
[-2.5458541013994838]
[0.5938260114204559]
[-2.4351671691334236]
[1.3069677717215362]
[-3.152081570581098]
[2.5860415816569886]
[-2.277222664767696]
[3.339639474567622]
[-1.4310194940530436]
[-3.621996055264749]
[-1.3675305379278513]
[0.462337285465826]
[-1.3248748634284155]
[3.550915017884122]
[-0.3736525490807854]
[-3.7008422746387004]
[-0.48318986036958056]
[-1.5585795632081094]
[-1.1938012172353336]
[3.653329023840324]
[0.6225682957813008]
[-3.353861159173642]
[0.5751906387470462]
[2.4557074220778166]
[1.3446839468661567]
[-3.7038747787526236]
[1.6375738775846211]
[-1.5556404560659707]
[1.3968173145184795]
[0.5249998467984884]
[-6.661338147750939e-16]
[3.552713678800501e-15]
[2.401630115218118]
[-1.852652751947769]
[0.4621541787102461]
[-2.3163820743029877]
[-1.81059286985985]
[-2.2324760780013193]
[-2.3139307506445395]
[-2.497201902917682]
[-3.7403853259406796]
[-2.566866232744722]
[-5.338051359432091]
[-1.781174756926871]
[2.682913992733008]
[-1.0891854672529924]
[-1.4012894587705618]
[-1.4350171860312946]
[-4.813292133517464]
[-1.3836719720140698]
[2.5398702606394092]
[-0.4731608474311695]
[0.5042263947428061]
[-0.4902714114208304]
[-4.237766853997583]
[-0.7234583131667103]
[2.303122732280363]
[0.7931645478833576]
[-3.6028041761603604]
[0.10678082080887674]
[2.3305223477090116]
[1.5213992468854258]
[0.40473310681798025]
[1.5559768090927935]
[-1.56650544106352]
[1.479096417792899]
[-4.884981308350689e-15]
[-1.7763568394002505e-15]
[1.4925085646199778]
[2.447136906380866]
[1.536842375482057]
[0.49171211112711877]
[1.5049769525066052]
[-1.5120452012144043]
[1.6726575391354932]
[-2.4055761364052484]
[1.375285400267268]
[-3.1771927960563433]
[1.9109414466867007]
[-4.541132688707076]
[0.4903578244326585]
[2.427865800260455]
[0.5473694549676944]
[-1.542056334307317]
[0.5220977079431774]
[-4.595775785575636]
[-0.44602826334218015]
[2.5850210606282067]
[-0.49836883239715135]
[0.45870477626336736]
[-0.3871010153370449]
[-4.785367361641928]
[-1.5205658290238144]
[2.5356256888787074]
[-1.3267732217997574]
[-3.6968871230531204]
[-2.6133187652933163]
[2.295844008068536]
[-2.582966731046852]
[0.4706947582385961]
[-2.5699249509106186]
[-1.704417781003165]
[-4.440892098500626e-16]
[-8.659739592076221e-15]
[0.2891158838517942]
[2.6904651851727657]
[0.4811005993917634]
[0.5050295665631668]
[0.42521848046653865]
[-1.5205951552805193]
[0.4148323228810278]
[-2.5153755855034743]
[0.684851734004527]
[-3.4791119145638243]
[0.4780328840753656]
[-4.269916027967205]
[-0.3509339339885562]
[2.3021433309126644]
[-0.4196933656812618]
[-1.3721660668684752]
[-1.1910458771433063]
[-4.777413176904672]
[-1.5522512697529542]
[2.405031909174661]
[-1.3002254331207617]
[0.459531968247918]
[-1.351863560973392]
[-4.406172172742564]
[-2.842705013026678]
[2.576542395932189]
[-2.2581907334086786]
[-3.849191170267818]
[-2.9690229923536737]
[2.7715106563621443]
[-3.5903539794411885]
[0.3456815601289662]
[-3.557899526057704]
[-1.6727726080632608]
[-3.552713678800501e-15]
[2.220446049250313e-16]
[-0.5297004338386095]
[2.501234365264969]
[-0.473802512258799]
[0.503795649547057]
[-0.5207298906082212]
[-1.461343030224823]
[-0.2899837753619874]
[-2.5684518089124273]
[-0.9391408844620894]
[-3.126192392846459]
[-0.430770986423183]
[-4.475024698044701]
[-1.6985155214870327]
[2.4425561998011207]
[-1.687100237314196]
[-1.5070374214072775]
[-1.9859555252926295]
[-4.396348557072184]
[-2.456390436126904]
[2.439433649436041]
[-2.627445781659306]
[0.5978020021338302]
[-2.4364792826649033]
[-4.063718132647345]
[-3.5324312910910596]
[2.769481766282347]
[-3.8340550257401045]
[-3.6103814196331023]
[-4.884381122349813]
[2.437913464393826]
[-4.707522477493348]
[1.1714083560106472]
[-4.185836891138179]
[-1.5327978483597644]
[1.4210854715202004e-14]
[-1.9984014443252818e-15]
[-1.5885542309707823]
[2.786052757259452]
[-1.5043454214102692]
[0.5275491308306992]
[-1.4539076451892576]
[-1.4843718389387144]
[-1.201808535199718]
[-2.600721746427156]
[-1.0341937562780013]
[-3.4031188584823253]
[-1.6384386381134464]
[-4.452491333673074]
[-2.3874695721183645]
[2.2570200578347266]
[-2.580213321336931]
[-1.2285560262185244]
[-3.62696555770004]
[-3.256974959323811]
[-3.3994621115757377]
[2.5583542057600686]
[-3.463130334063206]
[0.2440554464242104]
[-2.640969032105712]
[-4.569722056683608]
[-4.457339676596658]
[3.1764814130605488]
[-4.100382589632827]
[-3.500356809281601]
[-5.431266368952755]
[2.7750385679100877]
[-5.917024108427419]
[0.5170801941805052]
[-5.299914251372714]
[-1.7767009813767394]
[1.5543122344752192e-15]
[-1.509903313490213e-14]
[-3.4941941225179822]
[-1.4737782715734902]
[-1.487354377627254]
[-1.4838812528293461]
[0.48027015435396125]
[-1.4114452225759022]
[1.5129898543414826]
[-1.525811051895266]
[2.4247182116956134]
[-1.5602944394874196]
[3.1888334649124825]
[-1.5386658883625879]
[-3.6132403335650545]
[-2.6110040248293505]
[0.35109816508113]
[-2.817526857282818]
[3.4306181204655113]
[-2.5068311710288462]
[-2.6132210425961584]
[-4.213039922103806]
[-1.0265679144549553]
[-3.675228062932259]
[3.6576308988062536]
[-3.073875767739299]
[-3.6386418793961375]
[-4.571377662612217]
[3.347760231065239]
[-4.792752784623377]
[-3.734464373017215]
[-5.333490314161834]
[0.1339562600521732]
[-5.9971727403408925]
[1.0361892154143937]
[-5.892967923362208]
[1.687538997430238e-14]
[3.3306690738754696e-16]
[0.07727276765638535]
[-3.5904757377382666]
[0.514968310946474]
[-1.456294345051083]
[0.5122711226093357]
[0.529464932960494]
[0.39788396807529525]
[1.6049148803173434]
[0.39735878864324947]
[2.6098577550615145]
[0.7371631562955554]
[3.5758657572834025]
[1.7041221544341512]
[-3.400656519273637]
[1.5546519925197866]
[0.5424480956609059]
[1.526547176954956]
[3.6452162756793243]
[2.7415814748719494]
[-3.3848487797230664]
[2.520016804143324]
[-1.6883915284219364]
[2.3849121996653184]
[3.98310405638769]
[3.208477071000386]
[-3.5015296704743557]
[3.0251772810971036]
[2.779730741799157]
[4.8739406436312915]
[-3.2587642808570294]
[3.8429974032890906]
[-1.4934419532355858]
[4.136999464195203]
[0.5332817821632294]
[1.199040866595169e-14]
[-6.661338147750939e-16]
[-0.13558035166544258]
[-3.703271093569423]
[-0.5455994866862968]
[-1.5726593202663397]
[-0.503901281547547]
[0.45792196242129957]
[-0.4799348347884602]
[1.4329630860570342]
[-0.5336155588030009]
[2.5575120467660835]
[-0.8532808518574408]
[3.2939138076502883]
[0.47938932908622345]
[-3.733789190978803]
[0.5283222844279791]
[0.5292504546379453]
[1.0579172823891287]
[3.3447914316820357]
[1.5420266632299384]
[-3.4670387637763604]
[1.259928732650632]
[-1.4002098207479179]
[1.2988540251618907]
[3.3927601091961614]
[2.833023110931921]
[-3.453687222310504]
[2.4890833333321023]
[2.498472030841188]
[3.6146809557861754]
[-3.2899951398174703]
[3.318205158005564]
[-1.7242184884470284]
[3.419403808537624]
[1.1874845615258902]
[-8.881784197001252e-16]
[0.0]
[-1.5380096702399926]
[-3.3992988457805127]
[-1.5239811557471934]
[-1.4027604729038903]
[-1.4992942026267158]
[0.4544574961519925]
[-1.6313964632866238]
[1.5594996893968227]
[-1.5782344505268622]
[2.4349321666985517]
[-1.4396733318759032]
[3.423811165478544]
[-0.18858950342562908]
[-3.381504107421955]
[-0.5252370209259407]
[0.49069513546613985]
[-0.5110056358732837]
[3.4033691534992214]
[0.22524499238569184]
[-3.5673279710910966]
[0.5290619918131689]
[-1.5150062481778441]
[0.14327060578271933]
[3.716649122843917]
[1.24063013578321]
[-3.7012958278695867]
[1.7206646807566965]
[2.604892840197128]
[2.458681890710791]
[-3.5869952150987525]
[2.484713324811457]
[-1.2541883134270662]
[2.53393343318623]
[0.5029871905400864]
[-3.3306690738754696e-15]
[-1.3322676295501878e-15]
[2.521284285553752]
[-1.4736801289915666]
[0.7277308115962446]
[-1.609109092601043]
[-1.3432461342701827]
[-1.323091330714524]
[-2.7383480170054604]
[-1.5925558637260417]
[-3.2875954393494062]
[-1.8213389856473627]
[-3.858062652269875]
[-1.1634895405674905]
[2.5305006848138776]
[-0.3884548505332641]
[-1.4900217556805933]
[-0.5200593760240872]
[-4.559602393793496]
[-0.5880529800384648]
[2.6013876104495948]
[0.7984677794666952]
[0.48045367664247185]
[0.4905946540311712]
[-4.1866288150958075]
[0.7722769492406529]
[2.4714699741413435]
[1.4634917127901241]
[-3.303837928518959]
[1.3301343702308008]
[2.47860742561567]
[2.6585131305917464]
[0.6077394366009761]
[2.648233888448]
[-1.6092685795680888]
[2.284997211948393]
[-5.773159728050814e-15]
[-5.995204332975845e-15]
[0.5216786162116227]
[2.660513380058223]
[0.49343751854937246]
[0.534790069110884]
[0.6240404087476854]
[-1.3962008332202362]
[0.5513328989612418]
[-2.4675615932631194]
[0.4789324674596145]
[-3.585175600302377]
[-0.03486584481202648]
[-4.34606415378304]
[-0.5577918498131011]
[2.492438017992646]
[-0.5102679173935667]
[-1.437468871060068]
[-1.085208882725191]
[-4.7124872048881965]
[-1.6159127913400835]
[2.3649385542296337]
[-1.4575625977387472]
[0.5532487984918628]
[-0.9885352618889489]
[-4.804439115706193]
[-2.5133467845028403]
[2.601755086121914]
[-2.6832652786059694]
[-3.2143943927384866]
[-4.022084665196585]
[2.406367494365358]
[-3.4467038265361847]
[0.42904287742305725]
[-3.636870765597225]
[-1.488970161565666]
[3.552713678800501e-15]
[-2.1094237467877974e-15]
[-0.8119040190886029]
[2.5692211616268477]
[-0.4874523091269758]
[0.5367047156031509]
[-0.43136863802483116]
[-1.4669768343234715]
[-0.18308627502235186]
[-2.5121989809675638]
[-0.2975898395420993]
[-3.5228958935398316]
[0.3591678108707441]
[-4.2857469503705525]
[-1.4374167169512253]
[2.418964641570427]
[-1.4044224848513824]
[-1.307308483198257]
[-1.2869000763171687]
[-4.698746713811115]
[-2.9342623989749352]
[1.8912084315089572]
[-2.604593300467373]
[0.5371931178511912]
[-1.879572192574157]
[-4.48019062474164]
[-3.5133247671546872]
[2.0254195666892745]
[-3.5594832003913393]
[-3.622153004641444]
[-4.803839940219299]
[2.418049815790759]
[-4.239261785560946]
[0.5511785307239428]
[-4.4798858090508045]
[-0.9597725452705341]
[3.3306690738754696e-16]
[-6.217248937900877e-15]
[-3.6055709646216063]
[-0.4678916393723087]
[-1.5270802500798575]
[-0.49644392403408943]
[0.4481509784846001]
[-0.43564735674441035]
[1.4250925364902045]
[-0.4519253879283065]
[2.420046284440416]
[-0.28452137009041767]
[3.541776361574781]
[0.1605329561128528]
[-3.358649895986541]
[-1.1572309763528157]
[0.45570084456744253]
[-1.5867249670291104]
[3.413387078525194]
[-1.5032617381566746]
[-3.67692164231527]
[-2.032882172442741]
[-1.4946422710438587]
[-2.836143496118738]
[3.1966616788370055]
[-2.82991616620527]
[-3.203376931574366]
[-4.652161660961519]
[2.332840080627666]
[-3.4954319934653]
[-3.266228613245437]
[-4.686785928090486]
[-1.1639155715190297]
[-4.406515734829301]
[-0.09680608156217577]
[-4.3247055741449625]
[3.1086244689504383e-15]
[1.1102230246251565e-16]
[-0.03302605412056492]
[-3.5365029590926738]
[-0.37361340099974294]
[-1.467668554224804]
[-0.5414675596095888]
[0.4670272761162799]
[-0.5787810603122336]
[1.5391409542117467]
[-0.42996789030233185]
[2.5025968157397545]
[-0.9345977127608283]
[3.3037299929813666]
[0.5592879725392623]
[-3.305078506303174]
[0.4304104608199464]
[0.49901722767177026]
[0.16338927776415746]
[3.41309675278429]
[1.6242944512499897]
[-3.4602021936148115]
[1.4451095820607969]
[-1.3890490885531261]
[1.2961958626706918]
[3.9703169347987175]
[2.5555465097876433]
[-3.44994057226385]
[2.218069494090639]
[2.295469046085747]
[3.4582365642611985]
[-3.181012344935717]
[3.747180221431841]
[-1.4589607880332203]
[3.616973685562551]
[0.7372498389831292]
[3.1086244689504383e-15]
[-6.661338147750939e-16]
[-1.2152269409477716]
[-3.7002327932767187]
[-1.3721420084204925]
[-1.6329545043057443]
[-1.6025206957081313]
[0.5202676944397073]
[-1.6335304645362942]
[1.3721531207791142]
[-1.24887157569235]
[2.6385261883159274]
[-1.4567990925066807]
[3.6197892043476294]
[-0.7534367602401963]
[-3.5671963759530207]
[-0.5940914898599514]
[0.4947657835241456]
[-0.5718142868494782]
[3.390590275290317]
[0.4449074826063226]
[-3.5379585023453917]
[0.5091550873154427]
[-1.4966869617478382]
[0.4365201127717908]
[3.6151487597970364]
[2.239403209519199]
[-2.887400958010671]
[1.2393386162835855]
[2.6735621879325757]
[2.2279317912715397]
[-3.316932229946411]
[2.672534755003859]
[-1.1558700590695001]
[2.524185964746101]
[0.5254700937149859]
[4.440892098500626e-16]
[8.881784197001252e-16]
[-1.9607656261695456]
[-3.5788270007856386]
[-2.5554608842161777]
[-1.3932083353958644]
[-2.2130616341118667]
[0.6294279875943835]
[-2.52227847452814]
[1.628930466308726]
[-2.539991677189628]
[2.351565045397815]
[-2.7646426996062425]
[3.518186074004519]
[-1.504714237427968]
[-3.4252030771080477]
[-1.5687984961948558]
[0.5410067141844335]
[-1.1944533083939504]
[3.4346596191430017]
[-0.3958339585170896]
[-3.485968242687518]
[-0.45034208083735217]
[-1.4910680132233145]
[-0.7448100378029461]
[3.4631897728767385]
[0.32964654883754263]
[-3.2210882572134034]
[0.2518900537882176]
[2.4068738874452684]
[1.6982655186741489]
[-3.4393351628502664]
[1.3983231142132904]
[-1.3267164864566423]
[1.5011684785889028]
[0.6488562685048178]
[-8.881784197001252e-16]
[1.9984014443252818e-15]
[2.7633138922381772]
[-2.4237962869006324]
[0.5519894229895039]
[-2.5005516773456247]
[-1.3258450236135075]
[-2.6150076258608617]
[-2.438469836230219]
[-2.5901102536903258]
[-3.4774174351252634]
[-2.9685953422278777]
[-4.310982297424708]
[-3.098032764668857]
[2.570242714806469]
[-1.3016589063972936]
[-1.5652248560604147]
[-1.7090696903374776]
[-4.693728356982106]
[-1.6077066306092613]
[2.631750315928835]
[-0.6609334330196981]
[0.4485210493235865]
[-0.44755203320769943]
[-4.402532762689528]
[-0.8876945683626125]
[2.327483319617753]
[0.5532828034416262]
[-3.775270106763576]
[0.3998064555575642]
[2.4973526397079335]
[1.5250500801480704]
[0.37004706905792606]
[1.6020251170392397]
[-1.7290863547325306]
[1.350813101134683]
[3.1086244689504383e-15]
[8.881784197001252e-16]
[1.1424225329330526]
[2.688730253095641]
[1.2690264084959377]
[0.46965231798604457]
[1.7766792751293807]
[-1.453317441280145]
[1.3586670831375818]
[-2.4718596355545186]
[1.3922728330571301]
[-3.2902605348065075]
[1.5172133431404848]
[-4.619484777320039]
[0.41075912353137367]
[2.4674477660462424]
[0.5954235401782761]
[-1.541602212720818]
[1.1886188178316925]
[-4.351325009536258]
[-0.6901982339752268]
[2.5076045466826624]
[-0.48810882603257566]
[0.44814643168628354]
[-0.2014082165063491]
[-4.824052238377845]
[-1.4947700906330375]
[2.6468689472117948]
[-1.5278892018167087]
[-3.3010025638028617]
[-2.572580673151402]
[2.3476864024415525]
[-2.5691857716305777]
[0.38267418195321334]
[-2.3462844982307405]
[-1.7781639961169118]
[-3.552713678800501e-15]
[-1.021405182655144e-14]
[0.3490291596482713]
[2.447910334105397]
[0.45076008071699514]
[0.5170748518183361]
[0.5834423021785038]
[-1.508567803668811]
[0.6109311735837606]
[-2.5573721836061916]
[0.748463436894446]
[-3.2802924927793398]
[0.8773671459823618]
[-4.45066241434645]
[-0.6097156850004408]
[2.6382261041355575]
[-0.44257311237951313]
[-1.448735487717604]
[-0.7477105971012108]
[-4.428314683081201]
[-1.3283813067990309]
[2.3949180681895346]
[-1.5265312522981915]
[0.49563648028181473]
[-0.8751969815726106]
[-4.496246808376476]
[-2.5436141004958888]
[2.0069740790653663]
[-1.7688872164884888]
[-4.206623625971041]
[-3.979915428646616]
[2.0998047057447176]
[-3.603792654007175]
[0.4101885344781695]
[-2.99659526519899]
[-1.402335223332607]
[5.551115123125783e-16]
[8.881784197001252e-16]
[-3.7117842636816016]
[0.16231262608530583]
[-1.4211294108676635]
[0.40179442244662944]
[0.4893863117226097]
[0.5284231138627633]
[1.3873486036588614]
[0.557864147605827]
[2.394918269602989]
[0.7558718779060745]
[3.6206536958241626]
[0.5811445535468311]
[-3.242790444306885]
[-0.8550151473104979]
[0.5233370074391177]
[-0.4933664313176309]
[3.4063115421863284]
[-0.37729204709654107]
[-3.518975951088694]
[-1.3431192653029975]
[-1.5890279248261512]
[-1.4289500354434908]
[3.724918027950843]
[-1.149530039771522]
[-3.277901832611673]
[-3.3035158896868224]
[2.3255656189132266]
[-2.649425486597105]
[-3.712046798081496]
[-3.6369198792945236]
[-1.062138245704181]
[-3.5600157620653623]
[0.7174334120886334]
[-3.455589745714003]
[4.440892098500626e-15]
[-1.5543122344752192e-15]
[-1.2486559271878108]
[-3.5774041627714204]
[-1.290808029418831]
[-1.4340026693443255]
[-1.5751717331844626]
[0.5009049069898543]
[-1.5579698971468368]
[1.485923866369859]
[-1.5669128521768787]
[2.422677213932676]
[-1.324487457824504]
[3.3690569577331533]
[-0.3722355571743927]
[-3.3161257154450463]
[-0.4966857683568624]
[0.4879303007361587]
[-0.5618195118739089]
[3.384959119705784]
[0.3289337970725259]
[-3.1622859503654728]
[0.5291512749322922]
[-1.41252961491245]
[0.7415035175207136]
[3.484933927885424]
[1.3300514616460708]
[-3.6814503708526742]
[1.1046473265912304]
[2.3337784957088776]
[2.7348812454824647]
[-3.647466539789621]
[2.3712999963514054]
[-1.6863398957378377]
[2.601796376717371]
[0.3946425283591112]
[-7.105427357601002e-15]
[2.6645352591003757e-15]
[2.8262394854755826]
[-1.471695923306735]
[0.5678710891125565]
[-1.452725384830451]
[-1.5005232108679785]
[-1.5048232200252305]
[-2.485926048989275]
[-1.46642461093164]
[-3.510309322156705]
[-1.4781187834961949]
[-4.405741070605437]
[-1.5082049500648207]
[2.5661085505857217]
[-0.6365804215788851]
[-1.5370691942704193]
[-0.4919903183783281]
[-4.763253064400659]
[-0.6998687851523653]
[2.7160616973760066]
[0.40491430648365023]
[0.48055935972266717]
[0.49584177265459095]
[-4.426799286892723]
[0.6644545544063969]
[2.5927483636107356]
[1.4349581052376834]
[-3.425497980556103]
[1.4163617876244388]
[2.5366808599398514]
[2.477270316061731]
[0.5691387160901074]
[2.291576660737005]
[-1.534143226224094]
[2.4932316333276185]
[-3.1086244689504383e-15]
[4.440892098500626e-15]
[1.4944877769722464]
[-1.4460830527936883]
[-0.4793356771334749]
[-1.49634001935652]
[-2.597675956902178]
[-1.5085954539426396]
[-3.7482116624363595]
[-0.635634893986373]
[-4.617806733825452]
[-1.2017191280278348]
[-4.721008116481308]
[-1.469584081591278]
[1.4262031239830182]
[-0.5037805025577127]
[-2.4380318158307395]
[-0.6707066804223687]
[-5.127825231735583]
[-1.2831711585902257]
[1.4284198606453864]
[0.5350227504257865]
[-0.5098569807160991]
[0.4831472693398733]
[-5.273430112988784]
[0.41281164970963813]
[1.5162058097199478]
[1.5491260807579765]
[-4.270789014248118]
[1.2408578958424825]
[1.3186881187486672]
[2.501236421352488]
[-0.4143601783034381]
[2.5305939982950405]
[-2.334850926758949]
[2.8020695648298366]
[-7.549516567451064e-15]
[-1.7763568394002505e-15]
[0.4361079779290722]
[-1.434467425592962]
[-1.704468563428858]
[-1.4417576301779005]
[-3.3772238846279254]
[-1.575071283426]
[-4.7547320339930135]
[-1.734633094411259]
[-5.244269148278201]
[-1.9123586810568414]
[-5.680098421984306]
[-2.3518896724355707]
[0.5507424860381445]
[-0.5207009744986566]
[-3.5803420949223135]
[-0.7024910793820731]
[-7.140717464425057]
[-0.15163458747750846]
[0.48811710509524664]
[0.5278331830761309]
[-1.445038258746779]
[0.4774602416885432]
[-6.3221046532604666]
[0.6603812291058904]
[0.49015565082893486]
[1.6135135038990742]
[-5.799586902879278]
[1.8669398055113748]
[0.34263715043807563]
[2.6682798124841294]
[-1.6602986967317488]
[2.4071760032671694]
[-3.3191138255993]
[2.666593046128947]
[-5.773159728050814e-15]
[-1.687538997430238e-14]
[0.43661519947916005]
[0.45415348400156397]
[0.4959514505355638]
[-1.5446760867781633]
[0.7934386720634916]
[-3.5065819079469334]
[0.614246199857837]
[-4.415421919330402]
[-0.32072711327548786]
[-5.625347147633363]
[1.5724096689572562]
[-6.3245466272134205]
[-0.525548177916769]
[0.4866614461374388]
[-0.36994339417754496]
[-3.818082735571254]
[0.06741874887769406]
[-6.222525158743119]
[-1.542686231747835]
[0.43705345544398444]
[-1.4513369498420268]
[-1.5708889136132642]
[-2.049508184638679]
[-6.093315860882271]
[-2.5994371372965723]
[0.544960376726034]
[-2.9940507276935264]
[-5.260014532348257]
[-3.7024469646114744]
[0.23334159967953028]
[-3.453477118504265]
[-1.71849401760671]
[-2.6365336860937925]
[-3.9685995702848222]
[1.4654943925052066e-14]
[-2.6645352591003757e-15]
[-1.5358770001894504]
[0.5339393659754315]
[0.524424474737035]
[0.508063452321545]
[2.50825904546665]
[0.5089879081440736]
[3.6597087766762773]
[0.5184045208984838]
[4.435868972815053]
[0.14230583239571004]
[5.179053490767947]
[1.5229721797956168]
[-1.5019372725625741]
[-0.5717049735278303]
[2.6066244378596553]
[-0.611501270851921]
[5.782310449326421]
[-0.04739948908327207]
[-1.2523898798079642]
[-1.5589811344524662]
[0.48004839308748637]
[-1.4545485570782937]
[5.544359443111729]
[-1.602728228834625]
[-1.4585749262612584]
[-2.3326575800759564]
[4.7045968324835]
[-2.6284818299343637]
[-1.540873310317445]
[-3.495919052711261]
[0.8681759865141978]
[-3.776580640144198]
[2.1589656453786032]
[-3.585057501732411]
[2.886579864025407e-15]
[-5.773159728050814e-15]
[-2.5304968996798456]
[0.4121252553141166]
[-0.5284067881965187]
[0.530417120714493]
[1.492991114603115]
[0.41678352521981976]
[2.576815916458857]
[0.554733912586308]
[3.43982587833261]
[0.3370957230418026]
[4.171842394619985]
[-0.08082490273896559]
[-2.5615462096525548]
[-0.3092021047412037]
[1.5368371007460107]
[-0.5422990032397244]
[4.071858271160214]
[-0.7554644800810926]
[-2.614094157099979]
[-1.5443376317063815]
[-0.5246127025858618]
[-1.547432683027663]
[4.601490092682686]
[-1.685211414884479]
[-2.7244032887289045]
[-2.552671585696546]
[3.4732652504953396]
[-2.660619554148916]
[-2.3902966807351893]
[-3.434824487849895]
[-0.9892205662274729]
[-3.609853780142175]
[1.8626341212228508]
[-3.2664131297089773]
[-4.440892098500626e-16]
[5.10702591327572e-15]
[-1.4038928291984107]
[-2.327269760422838]
[-1.6545524669373513]
[-0.5663842734422389]
[-1.4709239629123183]
[1.5011794181175722]
[-0.9657395394676058]
[2.4826332283697905]
[-1.2916609411381383]
[3.7412310271906364]
[-1.6510388605918784]
[4.258617126058168]
[-0.6253276320410253]
[-2.408558764429903]
[-0.4188387960144859]
[1.413481640163192]
[-0.2123373157599091]
[4.3718687122131685]
[0.6378587938130216]
[-2.565326814553681]
[0.5018973376174158]
[-0.5078201889775646]
[0.6170377525814508]
[4.419772898012369]
[1.3983067075199989]
[-2.6077587060209257]
[1.6887835506357396]
[3.415138294596459]
[2.8261803510680683]
[-2.1892673542459358]
[2.2898797797143446]
[-0.6007527076263655]
[2.582835197277282]
[1.3102940731767827]
[-8.43769498715119e-15]
[-2.6645352591003757e-15]
[1.4433343217106662]
[-1.4975458302404983]
[-0.6613438232339761]
[-1.6632633074496153]
[-2.360801987378098]
[-1.4427985491948503]
[-3.398562481517359]
[-1.497347656354164]
[-4.508616666277959]
[-1.523757167726059]
[-5.64422798879119]
[-0.8813168197279073]
[1.4837639841672132]
[-0.5604965308037593]
[-2.5073084481087067]
[-0.4790343793630729]
[-5.067525019769723]
[-0.36820787002127453]
[1.4130225462280084]
[0.4698537381984398]
[-0.5073975002896649]
[0.5502068964510141]
[-5.323031198373707]
[0.603237155831609]
[1.4758561840130833]
[1.5581392380988426]
[-4.398457194083068]
[1.6108432647783664]
[1.4601065591112237]
[2.625365226703405]
[-0.655914254316655]
[2.3698256424218678]
[-2.259955963097571]
[2.3212641061419736]
[0.0]
[2.6645352591003757e-15]
[0.5009938151180608]
[-1.5732680025414965]
[-1.7513129233137488]
[-1.600966188522635]
[-3.373140704580732]
[-1.459175157402775]
[-4.615967221339536]
[-2.0427899984795017]
[-5.563253281736133]
[-0.3611814129071256]
[-5.853980203020427]
[-1.5109733702079273]
[0.46734944600832273]
[-0.4858657550960661]
[-3.421813373633988]
[-0.15527490877897376]
[-6.192459987755505]
[-1.1180032128407391]
[0.5493814927843599]
[0.4795482630054573]
[-1.5377905520877577]
[0.4267252597473701]
[-5.9667272846695685]
[1.242947461937073]
[0.501078508357502]
[1.36408141383458]
[-5.638829177343548]
[1.7572131857944906]
[0.6355137066720915]
[2.1989152311606106]
[-1.1729024210872439]
[2.473366230660064]
[-3.343807453286428]
[2.688780038854536]
[-1.1546319456101628e-14]
[0.0]
[-0.5494214492833578]
[-1.5820105419448915]
[-2.91836029546431]
[-1.5103496334694597]
[-4.45225469020358]
[-1.6294595139944659]
[-5.36931366106432]
[-1.59418785397667]
[-6.408285433785985]
[-0.49839163243905515]
[-7.68996810276292]
[0.051887044147037376]
[-0.5192711030466013]
[-0.5361012379503611]
[-4.369162935137517]
[-0.3789747144003788]
[-7.396790196036905]
[-1.3268164551586392]
[-0.5075054429290873]
[0.5120427834977863]
[-2.7235219086085887]
[0.828504691955974]
[-7.431827628874593]
[-0.3577968963568705]
[-0.4412020111327024]
[1.4408426634075937]
[-6.628212519786628]
[2.168123256413093]
[-0.33150114715587087]
[2.435840779114075]
[-2.202351774021955]
[2.5482411952525443]
[-4.844397952215972]
[2.1070608260888033]
[0.0]
[-1.687538997430238e-14]
[0.529618103217306]
[-0.5291406572543451]
[0.2610543314695226]
[-2.4029882876919193]
[0.870403501969494]
[-4.413263774751414]
[1.6640558297237478]
[-5.280371301969846]
[-0.3720539856164651]
[-6.784204709506605]
[-0.3206540688668702]
[-7.284997019522374]
[-0.460053156495273]
[-0.4844474702835875]
[-1.1422893524062387]
[-4.384112555567491]
[-0.3799160820589207]
[-7.0265280208905825]
[-1.43078071662501]
[-0.4921181427532595]
[-1.2667625351253]
[-2.481944284936294]
[-2.7207108006909286]
[-6.852899262608075]
[-2.5254449425470695]
[-0.3786657778394247]
[-1.8238993581608507]
[-6.379784173618546]
[-3.1885201572702626]
[0.001441102973242181]
[-3.4232087607069293]
[-2.4274307738045477]
[-4.02032101741445]
[-5.052765954749493]
[3.9968028886505635e-15]
[-3.552713678800501e-15]
[-0.48631109476517853]
[0.5244024749020078]
[1.4380615516740833]
[0.5154392352755455]
[3.5436009638859343]
[0.4546406935910401]
[4.301771639599416]
[0.39170382028749806]
[5.372817304325697]
[0.27521439713374996]
[6.443185912717363]
[1.8169372024829062]
[-0.5133363240222719]
[-0.47888053561332056]
[3.528376720418069]
[-0.5613588455549845]
[6.9711312179875655]
[-0.530346953673245]
[-0.540785699905844]
[-1.490985843650277]
[1.320570105090703]
[-1.4096169986034806]
[5.731658379148024]
[-0.7625014380418733]
[-0.6507828042024437]
[-2.6211511943194843]
[5.325849652512347]
[-3.378291757071202]
[-0.698672652227863]
[-3.70116761919671]
[1.4342945841482266]
[-3.1449205455814804]
[3.11755147777333]
[-4.09913587074502]
[6.661338147750939e-15]
[-4.884981308350689e-15]
[-1.4216549522739812]
[0.5877213869919076]
[0.5488623963624928]
[0.49767977082718096]
[2.496133981376344]
[0.16421068691514273]
[3.4693841407338653]
[0.31891384663236755]
[4.580243242272399]
[0.43242264155955956]
[5.673116337627112]
[0.20577048879757376]
[-1.4712516799329056]
[-0.4492476237072123]
[2.6152949616301835]
[-0.8018608705637837]
[5.613475753990221]
[-0.8709114473752257]
[-1.4530472593078056]
[-1.4559770715434346]
[0.4731343770418972]
[-1.3925144251495811]
[5.501020837849321]
[-1.20189090905548]
[-1.4928619297108008]
[-2.4866399131954693]
[4.57630704586629]
[-2.168923506445386]
[-1.6697611642353638]
[-3.5503144640541557]
[0.43348764209540347]
[-3.9124483991969927]
[2.4054899380795973]
[-3.3602087085220536]
[1.3322676295501878e-15]
[2.220446049250313e-15]
[-1.596186857279915]
[-1.3698183639564734]
[-1.4543646040990308]
[0.48408581670159334]
[-1.281938524557023]
[2.556370765552417]
[-1.2177204104835608]
[3.8052345384463027]
[-1.331802546961197]
[4.766123484006137]
[-1.4785370454125424]
[5.517749236291049]
[-0.6636746415864052]
[-1.5818983894215366]
[-0.4980325991925847]
[2.3930916495564616]
[0.549639611928403]
[5.568431772468303]
[0.37331635886454695]
[-1.5612427739139845]
[0.5149289172235632]
[0.4912058360805749]
[0.22203206915809748]
[5.221823504408597]
[1.3929863860272405]
[-1.4803497435269088]
[1.965699611890083]
[4.608467869529605]
[2.6083880474900827]
[-1.4239074839863761]
[2.5446369331840653]
[0.5546575275853862]
[2.225745371604361]
[2.6093310445483513]
[-3.1086244689504383e-15]
[4.884981308350689e-15]
[-2.7527583685358628]
[-1.4376088785121524]
[-2.6796144200391003]
[0.33513142487971814]
[-2.6219183521627114]
[2.4793688505541276]
[-2.4071496029606276]
[3.469753854020956]
[-3.4075557144963415]
[4.264177064992648]
[-2.0897525907459675]
[5.973672783109759]
[-1.531297394974263]
[-1.5268267514033678]
[-1.6516764283085812]
[2.5518765155230034]
[-0.9692736381257823]
[5.565851217787532]
[-0.5115162923491838]
[-1.5838227781769345]
[-0.4888270068717566]
[0.4905471431509991]
[0.585181534719722]
[5.864463237731346]
[0.4667790587560734]
[-1.5467865149883768]
[1.2463914739551285]
[4.685035940978896]
[1.366326426022037]
[-1.5270178207462997]
[1.4213716271851875]
[0.4962890088490619]
[1.7527369991573998]
[2.356977697395319]
[-1.4654943925052066e-14]
[-5.995204332975845e-15]
[0.6645421646531777]
[-2.5967253530220984]
[-1.3382847685106665]
[-2.5483926502019916]
[-3.6068247073165214]
[-2.1101122748249166]
[-4.025380517494748]
[-2.974426613652697]
[-4.957761178967635]
[-2.4822771450032826]
[-6.126008757237888]
[-3.087511855379922]
[0.514629664632138]
[-1.5160690088610513]
[-3.910732351613095]
[-0.968144344129219]
[-6.962444053209457]
[-0.45069548276583316]
[0.5382186056258349]
[-0.532282776280991]
[-1.5652266909957127]
[-0.512325737349923]
[-6.285357649267121]
[1.6998382144081141]
[0.5471405063086459]
[0.4638035747349014]
[-5.35394888347259]
[1.0455563227968732]
[0.6372664125387213]
[1.4840566875065346]
[-1.4682302336821493]
[1.4938525150698259]
[-3.296575925780324]
[1.4148188270572852]
[-4.884981308350689e-15]
[-9.325873406851315e-15]
[1.5439778462412947]
[0.39270446275580984]
[1.3537907222319876]
[-1.6480440874886737]
[1.679209307790972]
[-3.3802201641909755]
[0.13445162683862932]
[-4.753703285499638]
[2.1001318419271864]
[-5.949922006843414]
[0.23257275465173155]
[-6.587413983307444]
[0.5611618420117703]
[0.4943479612030224]
[0.45627433125748684]
[-3.468649922438968]
[0.8351144104267201]
[-6.812413313769454]
[-0.4730806968322403]
[0.5448379076083167]
[-0.41911053663369824]
[-1.3805082531570827]
[-1.4097498388688132]
[-6.340706846733541]
[-1.4338344406508878]
[0.5746303781196183]
[-1.747560081103806]
[-5.2446388073247165]
[-2.6443824235507734]
[0.6821494471411373]
[-2.6805155284315902]
[-1.590450507693832]
[-2.743660203923826]
[-2.7977084067259748]
[-7.105427357601002e-15]
[-1.1546319456101628e-14]
[0.5771298642289691]
[0.5003613035377086]
[0.518055657066967]
[-1.6516837586437565]
[0.6456430620962457]
[-3.7202442680531327]
[0.4771381448524319]
[-4.436927659607934]
[0.4021997862710829]
[-6.177600525660025]
[0.6611621039090871]
[-6.332470609685326]
[-0.466889205379895]
[0.5296043672069244]
[-0.8137305113402884]
[-3.5059163454386066]
[-1.0922836805020117]
[-6.889452307320163]
[-1.414265778186143]
[0.49965110125327605]
[-1.6124415870153732]
[-1.4996536727335883]
[-1.642095141872152]
[-6.487884277357152]
[-2.326406937145783]
[0.36176442753987814]
[-1.1410221837523173]
[-5.787299626790089]
[-3.2223804006884236]
[0.755042048435902]
[-3.5213065076087235]
[-1.2393610872882963]
[-3.6081180580036145]
[-3.766496889041676]
[1.7763568394002505e-15]
[-4.440892098500626e-15]
[-0.4624012655203922]
[0.47691196636510025]
[-0.5450378333469059]
[-1.590624341678117]
[-1.050571326136719]
[-3.538100778984317]
[-0.8504515101459305]
[-4.3376974994975335]
[-1.5820785679091998]
[-5.063063653549715]
[-0.4255825029722713]
[-7.219969361212618]
[-1.4291450963405286]
[0.4375212138427118]
[-1.4316617967177203]
[-3.379331713156403]
[-0.34395707786871643]
[-7.477123760982847]
[-2.5059064119424415]
[0.3371206230035151]
[-2.5540299961605735]
[-1.3088862270370951]
[-2.382124526887151]
[-7.135664714504116]
[-3.321652928598689]
[0.7353884393351064]
[-2.9661004476864568]
[-6.2742080012865]
[-4.318394564853796]
[0.6284336334898839]
[-3.9637277262046036]
[-1.9029213259796491]
[-4.22222377802248]
[-4.013661223393399]
[3.552713678800501e-15]
[7.105427357601002e-15]
[-1.579703932025597]
[-0.45074914288387813]
[0.4862297681502641]
[-0.4739689256028754]
[2.5565378665140717]
[-0.5864394466037792]
[3.2474112830382422]
[-1.1623857409554015]
[4.503233839365843]
[-0.45921462018748915]
[5.482643611906049]
[-0.9424290560218438]
[-1.4397152692367494]
[-1.5458677819169289]
[2.4005507741748437]
[-1.6320664661467505]
[5.712928080210194]
[-1.6415625993141676]
[-1.7126236293425676]
[-2.5545067686040097]
[0.4032292990786246]
[-2.4325154044967183]
[5.860608105854862]
[-1.6916364335172736]
[-1.332527107556586]
[-3.623765001250608]
[4.342200936485201]
[-3.9110849079360213]
[-1.5598688041307898]
[-4.419455415816475]
[-0.5369719377123952]
[-4.565475695675766]
[2.632425125052082]
[-4.792772560152253]
[2.220446049250313e-15]
[-1.4210854715202004e-14]
[-2.5587959239462696]
[-0.48733621840673713]
[-0.477883351549671]
[-0.5102548291588178]
[1.5971612105402535]
[-0.4854516463090084]
[2.440098784846918]
[-0.3696904637415921]
[3.469604793058176]
[-0.3647850454637629]
[4.774289707318522]
[-0.6974961316367754]
[-2.5019788162808947]
[-1.3642457861623027]
[1.4357895544228283]
[-1.535134011297071]
[4.533947136367178]
[-1.5894620654683926]
[-2.71072311686257]
[-2.67654373905145]
[-0.43509042538911746]
[-2.6787576927370225]
[4.18381788803768]
[-2.9022555100707415]
[-1.9925439852835387]
[-4.107202376328965]
[2.93048316963127]
[-4.038375946320528]
[-3.310805829577748]
[-4.694333038631707]
[-0.7511392304150697]
[-4.112721316329906]
[1.5823249913815691]
[-4.163779860122267]
[5.773159728050814e-15]
[3.1086244689504383e-15]
[-0.5660299568652194]
[-2.282293444515152]
[-0.4710774170285523]
[-0.4427315922464734]
[-0.4791178359719801]
[1.550062275796443]
[-0.49540215016507005]
[2.3249037035802265]
[-0.3646558199647285]
[3.5654657803851806]
[-0.3931594456652858]
[4.68198915608095]
[0.5558732144655427]
[-2.43664005363257]
[0.5742138652598205]
[1.6746772881961096]
[0.31688728814734457]
[4.883336611864976]
[1.4534120200776206]
[-2.445317790870158]
[1.5906518115340065]
[-0.47934922829239035]
[0.9779460804219537]
[4.65391188062122]
[2.1492529275237606]
[-2.519322550202997]
[2.2355903261164274]
[3.379404528138259]
[3.46883360658407]
[-2.194690253935759]
[3.671981694883721]
[-0.5903468259730715]
[3.609552744071872]
[1.4017743667426217]
[2.6645352591003757e-15]
[1.7763568394002505e-15]
[-1.3609207821100027]
[-2.4068322231358694]
[-1.5797485669612779]
[-0.49577092696855063]
[-1.5422097373146184]
[1.4177638183603856]
[-1.676856596522856]
[2.42771229801151]
[-1.636113656124743]
[3.5051380396922687]
[-1.8523570332220811]
[4.286842901930127]
[-0.7014767419238868]
[-2.3002263777731202]
[-0.41779042958234935]
[1.4374587413788193]
[-0.4032592690914134]
[4.311678923472024]
[0.622038786787015]
[-2.503334234334428]
[0.5202964479235854]
[-0.49109780582905405]
[0.02862059751587598]
[4.356010644145846]
[1.5221611639905217]
[-2.358257700688367]
[1.334500023694893]
[3.1683402294294742]
[2.5347219846129923]
[-2.406201622932419]
[2.478730052571356]
[-0.5602188654755369]
[2.5359453765631006]
[1.622131969968175]
[8.881784197001252e-16]
[8.881784197001252e-16]
[-2.4710209927805433]
[-2.4888712772047077]
[-2.3913597442497485]
[-0.4991530115238594]
[-2.2983018979315553]
[1.523762280457567]
[-2.5287220364294325]
[2.3886047083883284]
[-2.7299235763468332]
[3.43744187580809]
[-2.1101793333668546]
[4.986065511762861]
[-1.5138192747688146]
[-2.2093914364106695]
[-1.4789660569317018]
[1.4795297777141216]
[-2.0245972068196973]
[4.432327005005133]
[-0.6030935200691303]
[-2.600760628968395]
[-0.4878803279040813]
[-0.4805130045687769]
[-0.8825608129982658]
[4.031022115508215]
[0.37824254230632426]
[-2.394194661103638]
[0.6011463817430547]
[3.1324732372312374]
[1.1188678612571283]
[-2.4536508794530363]
[1.561834178676222]
[-0.4699198331809502]
[1.6110823919093755]
[1.5380685888658236]
[-2.5202062658991053e-14]
[5.329070518200751e-15]
[-3.559071075538697]
[-2.8568581899408834]
[-3.553071329344363]
[-0.4860427688179998]
[-3.4577910489191326]
[1.4227963858842396]
[-3.2628398909081833]
[2.566657152694365]
[-4.140816779072455]
[3.225399111528322]
[-3.132813790989291]
[4.582555277501305]
[-2.608578552891311]
[-2.317432613826041]
[-2.5064996425837887]
[1.3372708009520267]
[-2.41356984619787]
[3.9484406090988666]
[-1.7406938220763282]
[-2.361253365970507]
[-1.4586240182536008]
[-0.5204011693803379]
[-1.3354889486771278]
[4.843710445363044]
[-0.5992712977632119]
[-2.471960851391004]
[-0.6380523470900307]
[3.3861765895115856]
[0.35361585260497175]
[-2.6413693386536163]
[0.5272054658877978]
[-0.5443893604722836]
[0.5603304885146119]
[1.5033752585255042]
[-4.996003610813204e-16]
[8.881784197001252e-16]
[-4.181668292595806]
[-3.053996236344126]
[-4.66308982716309]
[-0.9844020848564896]
[-4.498413681803781]
[1.6980851816242253]
[-4.306342363514686]
[3.1769701425464545]
[-4.68721703281347]
[3.517548791112504]
[-4.1627318361232]
[4.113183865718282]
[-3.3760996984593117]
[-2.9579786126547782]
[-3.436504563145343]
[1.7901995353771376]
[-3.1746401360649283]
[4.247638868606705]
[-2.2245443666084164]
[-2.881775655788293]
[-2.537168085032964]
[-0.45851174040040243]
[-3.005672479671451]
[3.741909567794875]
[-1.7036592369064008]
[-2.3476851312526126]
[-1.640965585762797]
[3.368637754148375]
[-0.6671190432908249]
[-2.399625278184767]
[-0.5016952644060519]
[-0.5535499390264149]
[-0.4670680446441339]
[1.435184639761279]
[-1.3322676295501878e-15]
[-8.659739592076221e-15]
[1.266107470142503]
[-4.773355401438821]
[-0.4900626205056522]
[-4.340350938272836]
[-2.8512366905786757]
[-3.9836415329902186]
[-3.9771683524984205]
[-3.9103107642565584]
[-4.355287557669531]
[-4.852837019319346]
[-5.904964287905662]
[-3.804379043369506]
[1.5075039654436875]
[-3.4581766436119965]
[-1.8745609527629692]
[-3.495663872517131]
[-5.8017447528931605]
[-3.910777281572161]
[1.6257809207509988]
[-2.437430653574461]
[-0.48484381652703545]
[-2.5145407195255327]
[-5.666764548034903]
[-2.1927232711828064]
[1.4177723845194117]
[-1.6452436009735276]
[-4.945135093026511]
[-1.0230970365715968]
[1.4442550415198077]
[-0.46711896194299]
[-0.46168832992828435]
[-0.49072789390851135]
[-2.4452355462229223]
[-0.5427060692939023]
[-1.021405182655144e-14]
[-7.271960811294775e-15]
[0.846103918174387]
[-4.70396566503889]
[-2.1110488605550004]
[-4.438370515793521]
[-2.9038590240337525]
[-4.779651293706295]
[-3.6458157110681704]
[-4.62256972866691]
[-5.786553471703172]
[-3.531959431990853]
[-5.6873844873518085]
[-5.181276755958189]
[0.3787223285005825]
[-3.3463517489987966]
[-3.97828366661268]
[-3.5313494295233285]
[-6.402517279599328]
[-3.8208754845014967]
[0.23480068617097727]
[-2.4820146748960146]
[-1.3846657779605196]
[-2.4626268729438654]
[-5.991922656410075]
[-1.7213204514457843]
[0.5477081312145962]
[-1.5345400510697673]
[-5.866342357227701]
[-2.1929953924813326]
[0.5603737483839457]
[-0.5516033643672095]
[-1.3324407282736743]
[-0.4539393595747912]
[-3.2752879334932654]
[-0.3273023615655317]
[-2.1316282072803006e-14]
[-5.509481759702339e-15]
[-0.3034985107009289]
[-4.588385853529397]
[-3.295262595789734]
[-4.0511969587773935]
[-5.269955014753368]
[-3.4858363956926124]
[-6.107072734543174]
[-4.893585606163662]
[-6.719631217365503]
[-3.9205082660803137]
[-6.871787263964627]
[-4.49677848360267]
[-0.34283278595526134]
[-3.6118859648420227]
[-4.436000417376195]
[-3.314893862072695]
[-8.582272467726604]
[-1.3642208127144846]
[-0.2373445788692612]
[-2.5560178699879628]
[-2.299586162069281]
[-2.4357898352422223]
[-6.861392365092386]
[-2.8366634026173543]
[-0.4677666899973838]
[-1.521556729669728]
[-6.578943759692035]
[-2.8585957918932388]
[-0.407463265855287]
[-0.49342887188986073]
[-2.414367417230504]
[-0.6460226840310149]
[-4.593410541727898]
[-0.09430025993098895]

-----------
Part A Test Case 5
  Failed: Distance greater than tolerance 0.15
  Expected Location:	(-2.9354644165969344, -3.053474236333245)
  SLAM Location:	(0, 0)
  Credit: 0.0
[-4.440892098500626e-15]
[-3.774758283725532e-15]
[-3.081100068841198]
[4.112081027273676]
[4.2792474913856555]
[4.001098559070241]
[5.369779417744792]
[4.6643706078866645]
[7.8389677490795595]
[5.147227951673066]
[8.495560166223317]
[3.6052597812566463]
[7.601944528937787]
[2.1068013767957674]
[-2.6899625117396884]
[2.420349106001155]
[-2.5826653993370856]
[1.892427396825492]
[-2.572396564811446]
[0.48378445995625974]
[-2.4453032315727947]
[-0.5658691070382527]
[7.741625335120653]
[1.0987068824485604]
[-2.658913493041191]
[-1.512121465386561]
[-1.4305573965319773]
[-1.6056752162556522]
[-0.5564107563800507]
[-1.5021907219500763]
[0.5005734618109035]
[-1.488229214915777]
[4.4211496791058025]
[-1.57711447624657]
[5.208941689665747]
[-1.2934437941657757]
[6.093429021210434]
[-1.9418080917469647]
[7.431931778062593]
[-1.7603141372288635]
[5.329070518200751e-15]
[5.329070518200751e-15]
[-2.572482616141478]
[4.549954736503292]
[3.514106704103625]
[4.508432441662075]
[4.85657231157905]
[4.1522955335870595]
[4.891161049292252]
[5.849767326661105]
[6.242048101349001]
[4.1815983103015935]
[6.60846656018725]
[2.6152815360654285]
[-3.4089466015391414]
[2.8084302602262086]
[-3.2861410394648685]
[1.3385608988346582]
[-3.5714290789060774]
[0.5668385914341183]
[-3.4848344023793283]
[-0.6514946510813594]
[6.052209061182085]
[-0.0911597522753701]
[-3.266279889890222]
[-1.699321119558229]
[-2.5199224966938303]
[-1.2776276414599395]
[-1.6185681173092732]
[-1.4679305909514666]
[-0.503337892704157]
[-1.4778183934564164]
[3.7090609836622654]
[-1.3377032122750503]
[4.913405619730687]
[-1.1650837717150062]
[5.464628077145554]
[-0.5994417067132702]
[6.265767265760631]
[-1.0416287968490854]
[7.549516567451064e-15]
[2.6645352591003757e-15]
[-5.862293764457002]
[-2.6501342064482634]
[-6.017622977515877]
[1.8079552889723152]
[-5.071272851026087]
[5.045073089677995]
[-5.818063985332591]
[5.009229175447424]
[-5.10412835248814]
[6.567556590141802]
[-5.01170524167587]
[6.517116782894773]
[-3.022733673460295]
[-3.7730785359617762]
[-1.6976027677994296]
[-3.722640613416072]
[-1.6365876800064219]
[-3.6864159151485545]
[-0.7640669938055598]
[-3.2725689506046507]
[-0.8567386042204943]
[6.334135687311417]
[0.10742148849389443]
[-3.015476378439643]
[0.5881849563823771]
[-2.4208035625777065]
[0.5120408637760798]
[-1.4966608398203363]
[0.49025211720522954]
[-0.4975249718125019]
[0.6006147375796889]
[3.543306481588356]
[0.636894126743094]
[4.451169643538578]
[-0.27398580511539317]
[5.3950236126388535]
[1.4509737721591986]
[6.847569848197799]
[6.8833827526759706e-15]
[-2.6645352591003757e-15]
[-6.393041132710691]
[-4.019478558123918]
[-7.121740201195596]
[2.083742273579656]
[-4.632148668769464]
[4.337196135770332]
[-5.602866396892933]
[6.293937255080137]
[-4.317880645533774]
[8.532958270868804]
[-3.624337334711435]
[7.82777239194914]
[-4.653341251785995]
[-3.355488511075392]
[-4.112589265541148]
[-2.7370015024308865]
[-2.240919508108176]
[-3.980164915746095]
[-1.7382362376678044]
[-3.365629960009425]
[-2.456240314191172]
[6.139297676241475]
[-0.4946727137099136]
[-3.2818154296034416]
[-0.5085108117237548]
[-2.549942824440249]
[-0.5389026374775094]
[-1.3226845506835128]
[-0.49226867844108724]
[-0.5151102887721644]
[-0.326363800309038]
[3.4804173688972577]
[-0.5258218776517041]
[4.716846758531827]
[-0.5812089703933472]
[5.160975213054868]
[-1.0538174669988754]
[6.45227817438033]
[-1.0436096431476471e-14]
[0.0]
[-6.961754095943527]
[-4.1557333343240845]
[-7.446010945396853]
[1.8010021944099366]
[-8.693670146388804]
[4.091547454122296]
[-7.930323939066228]
[4.530789366138946]
[-8.9899157538178]
[4.9811979281862495]
[-7.24886049031176]
[6.568548907855574]
[-5.893274676877803]
[-3.583115889923775]
[-4.765858140912179]
[-2.8519691617369114]
[-3.7257991381977384]
[-3.4933171207696185]
[-2.2349909489236586]
[-3.411420811181844]
[-3.527462765960606]
[5.9175473178230265]
[-1.4592609889263644]
[-3.2264441803219253]
[-1.532661972280517]
[-2.575386291787815]
[-1.5138942648544416]
[-1.4383776098946521]
[-1.4867066315514363]
[-0.5734412865490359]
[-1.2247963197667704]
[3.466202251585165]
[-1.8626302262128889]
[3.9385251432334387]
[-0.9555720180304315]
[5.714538154399663]
[-1.179901903813662]
[5.788294457332219]
[-8.881784197001252e-16]
[1.734723475976807e-16]
[2.259701099499864]
[-7.645413008039198]
[-3.6879881745017915]
[-7.947126065667779]
[-5.968379304631802]
[-7.449624400100708]
[-6.693909313808503]
[-8.30956151158434]
[-7.477877338429256]
[-8.255388313339566]
[-9.021972392396428]
[-4.589284241225648]
[0.8162631167239089]
[-5.754936679002014]
[1.9600707059463138]
[-4.39069459830106]
[2.3078034030682835]
[-3.5096250076679794]
[2.6379580848962574]
[-2.551970818390449]
[-7.2277089436296995]
[-2.203714620400264]
[2.3321850974050973]
[-1.5303165380051449]
[1.4871699120311668]
[-1.7931577257239095]
[0.5589103282843508]
[-1.616968433248212]
[-0.4403957285034972]
[-1.451029500047402]
[-4.998709390956596]
[-1.3792909368345743]
[-5.522112716894676]
[-2.0836626021390887]
[-6.4138048680874435]
[-1.7373075409389398]
[-7.593278311239798]
[-0.05790819829498629]
[-7.771561172376096e-16]
[-3.552713678800501e-15]
[6.173313299350766]
[2.7996207880147645]
[6.5560073113228166]
[-4.504064692395849]
[7.6785492525018855]
[-3.938013291734193]
[3.175683220602678]
[-8.310472450810376]
[4.066330958573186]
[-8.56685038595064]
[5.780757341120668]
[-7.327751450421036]
[4.065040719537868]
[3.500766227661746]
[3.689084909726624]
[2.247240022843223]
[2.5381070965493415]
[2.2583948342437887]
[1.510148590862267]
[2.434636081974208]
[1.1185534421521601]
[-8.342440808789945]
[0.516502894847385]
[2.3205890542005347]
[0.5530491471603107]
[1.5089190200085305]
[0.5097513555321448]
[0.5157717679322795]
[0.5332837978856265]
[-0.5570594879894895]
[0.23273706567505958]
[-4.0835299569203745]
[0.6494365739688527]
[-5.352174857558074]
[-0.5788923854358418]
[-6.6413570259513905]
[-0.7124412822816067]
[-7.634880440324573]
[5.10702591327572e-15]
[-1.509903313490213e-14]
[5.264192043237191]
[1.9194835244875996]
[5.76349040566204]
[-3.9669968335560526]
[5.934097565892948]
[-5.124843895125175]
[4.720066569917776]
[-7.070439395682608]
[5.544873541500088]
[-6.932407230066898]
[3.3940582922151936]
[-7.479855733667663]
[3.524866680863733]
[2.8040929225844637]
[2.7703741759589287]
[2.4383897687990688]
[1.2935813128631881]
[2.6251345400718433]
[0.8014902326859183]
[2.308739807153832]
[-0.20353892676043883]
[-7.667006869218621]
[-0.3704022547121256]
[2.3496350430506654]
[-0.5109409097550297]
[1.4396110272947809]
[-0.4914763865896259]
[0.5078669227044035]
[-0.4724185440578611]
[-0.4920799313907045]
[-0.7742144017669221]
[-4.778103814889526]
[-1.0269686255208108]
[-5.305495609160484]
[-0.5409004027612108]
[-6.926414091317382]
[-1.2992679707772843]
[-6.749806672856052]
[0.0]
[5.870304242705515e-15]
[-2.903568399849612]
[6.294147032582178]
[2.3810110073650685]
[6.178618080267807]
[5.282178789194037]
[4.6827263493655416]
[5.875552961215988]
[5.7842804183178185]
[6.601345185776158]
[5.724036888512855]
[6.38143027828818]
[4.035265768876698]
[-2.699480623725189]
[4.1060415766864935]
[-3.83903693986384]
[2.3238115084217883]
[-3.504472904360897]
[1.3626284685988401]
[-3.0978630136833463]
[0.5579784552285337]
[5.738713792505297]
[1.2967017780874928]
[-3.2920578895566743]
[-0.8030553740967037]
[-2.616954642291617]
[-0.37049077706315686]
[-1.4143372359518276]
[-0.6023661449542154]
[-0.48632565188209664]
[-0.48469171460188887]
[3.414262445242663]
[-0.3586008531830113]
[4.592791644679219]
[-0.7561101264168858]
[5.413160986822319]
[-0.6995857751695699]
[6.083394773850842]
[0.11550969911674705]
[1.7763568394002505e-15]
[-2.220446049250313e-16]
[-3.8723444769239324]
[6.159959152882026]
[2.246624662883569]
[5.798946743316236]
[2.8938175062163136]
[4.953343501939786]
[4.686017086963011]
[5.653638173462143]
[6.434845192600322]
[4.330183369487145]
[4.520965356836697]
[5.3330887018772986]
[-4.3668716571775095]
[4.336872087597053]
[-4.569693801642606]
[2.2929465287092734]
[-4.607159318290732]
[1.553806963417963]
[-3.908759696425556]
[1.0488381609213067]
[5.89137608251007]
[1.6066126049071392]
[-4.116257155708142]
[-0.19249794518954655]
[-3.6530588455364663]
[-0.3025550950911991]
[-2.4140554680349826]
[-0.6013886693086493]
[-1.626396608952005]
[-0.6045042237731278]
[2.2834009251631535]
[-0.5326613973360801]
[3.3917203514319567]
[-0.7227475764092802]
[4.715263983404155]
[-0.1309865691955081]
[5.197129257136234]
[-0.43401868807176325]
[8.1601392309949e-15]
[3.552713678800501e-15]
[-7.059904167057638]
[-3.2561567645345306]
[-6.496975160272744]
[3.3746778603388776]
[-6.3501699895582036]
[4.113900124777651]
[-6.163791232782203]
[3.992744883964889]
[-6.886101150763827]
[4.702662953372259]
[-5.090962622744422]
[6.599351478513627]
[-4.515942591395539]
[-4.262439812931422]
[-3.32496567630038]
[-4.181514357544475]
[-2.176217376180616]
[-4.557251316299289]
[-1.5082759456386619]
[-4.612381926494743]
[-1.85627632223425]
[5.507511512099775]
[-0.8919781160536698]
[-4.271397454446538]
[-0.9335232512966347]
[-3.301892053565753]
[-0.3753324970382638]
[-2.5779459271149454]
[-0.5359829644460188]
[-1.4290112313264673]
[-0.4798780569719134]
[2.4831621442610823]
[-0.3779499716780172]
[3.6990847040898647]
[-1.4937705779426433]
[4.277422439131121]
[-0.21438293184238238]
[5.523233065851428]
[-8.909539772616881e-15]
[2.6645352591003757e-15]
[-8.195171202095395]
[-3.5310603514147916]
[-6.507550725027651]
[4.9382792070328465]
[-8.084620798267194]
[1.0831832407302633]
[-8.243897071733755]
[3.904144336185113]
[-7.714870608170953]
[4.928213627614938]
[-6.207247845077328]
[6.006830952496117]
[-5.521233419190791]
[-3.6533122010617065]
[-3.943853504583945]
[-4.408478259550765]
[-3.4568966047902663]
[-4.175186042028468]
[-1.9213842750878873]
[-4.851572864587951]
[-2.278120834762329]
[5.642431488979889]
[-1.883958916200279]
[-4.4652473545333615]
[-1.1140668840887202]
[-3.286078489326772]
[-1.311792016745012]
[-2.3768651903781013]
[-1.5881758809531432]
[-1.4974598474727854]
[-1.4721520135892001]
[2.4138700440523557]
[-1.539530793826042]
[3.3586614918651563]
[-1.1677103204357995]
[4.4704172924036225]
[-0.15749830046953228]
[5.805728069596671]
[-9.769962616701378e-15]
[-1.2656542480726785e-14]
[4.316387456714686]
[-7.454911333831541]
[-2.6708615291891036]
[-7.754371844734244]
[-3.8634907699403307]
[-7.970000672896738]
[-5.741668054484887]
[-7.606887166223913]
[-4.673351491248656]
[-9.150027946900668]
[-6.965909711494586]
[-6.253450509024397]
[3.4214593268418136]
[-5.32521754634285]
[3.407277764218324]
[-4.138232028403464]
[3.1867655715170207]
[-3.9115428328534287]
[3.609284077128213]
[-2.5974777679063354]
[-7.117701737045]
[-0.7017345654846856]
[3.6739147442306805]
[-2.157282641310019]
[2.829223711924927]
[-1.4486755358173282]
[1.6922430785280493]
[-1.6425177927239543]
[0.6316694319691818]
[-1.5205899691230191]
[-3.4186059940844595]
[-1.7604596878061136]
[-4.40788999034997]
[-2.0262543575574714]
[-5.610852258770822]
[-1.3374336812637337]
[-6.032152737467004]
[-1.670893604482814]
[-1.1102230246251565e-15]
[4.440892098500626e-15]
[6.9957463808005045]
[3.6298096191470632]
[5.956426503637479]
[-4.877616394887185]
[6.319919051567069]
[-4.4378959176784]
[6.553942112452796]
[-5.368546882756557]
[5.473347752946396]
[-7.135337752693533]
[6.143001532544785]
[-6.197665077056721]
[4.54788410179988]
[3.2211709958088903]
[3.4353307153986683]
[3.558705038971656]
[2.453705478254831]
[3.3277715896356277]
[1.545371538318086]
[3.7171921728948414]
[1.3869936196637083]
[-6.102316637217024]
[0.8019418792335993]
[3.5335285835159986]
[0.7583106309191804]
[2.621045367484256]
[0.5128345298208685]
[1.5629313642799376]
[0.5491994932145211]
[0.5168827373072116]
[0.21003449470658325]
[-3.674669800578049]
[-0.021997720483500016]
[-4.652288006689633]
[0.6541534173723806]
[-6.019477753335432]
[0.33597626642229705]
[-5.939449488888722]
[5.329070518200751e-15]
[-4.440892098500626e-15]
[-3.0073483415353115]
[7.181826748367975]
[1.8706198256777071]
[6.83183015561935]
[5.144561699830877]
[4.4905286586151885]
[4.837554809432042]
[6.532656829880683]
[1.276237521966559]
[8.744261705188368]
[5.51064745608392]
[5.236065475314317]
[-5.590552475242456]
[3.5098963304701254]
[-4.234789442860639]
[3.0621636881998793]
[-3.8953364667782404]
[3.2456744520450185]
[-4.403288876976501]
[1.8114066953584955]
[5.198142317725213]
[1.488270247085521]
[-4.485097829805525]
[0.7891343690664667]
[-3.3505726441843615]
[0.295523355814323]
[-2.524396989991331]
[0.4874308443893114]
[-1.525195729867061]
[0.47801679251184986]
[2.434545576887168]
[0.46945695669939536]
[3.3765711337430355]
[0.44032878108685275]
[4.725785271226086]
[0.12205098521376379]
[5.090252603511668]
[0.7301495545004731]
[0.0]
[3.552713678800501e-15]
[-7.748897874069852]
[-3.897569732596584]
[-8.012279185645234]
[0.9631036838549871]
[-6.754337978619821]
[4.6772635677256735]
[-8.306228207657698]
[2.137746653544541]
[-6.825771815564758]
[5.707067963210985]
[-4.1029316359935954]
[6.551343994275593]
[-5.0266986647086345]
[-5.092975735107597]
[-2.7778684159004783]
[-5.587602795566092]
[-3.966470437654476]
[-4.861390017624451]
[-2.4708049128900265]
[-4.56469285751315]
[-2.6550525273515624]
[5.606931633914782]
[-1.4298349402861388]
[-4.753750443844718]
[-1.358460671147042]
[-3.149098322536136]
[-1.6257675107582914]
[-2.5563627920889402]
[-1.5947266623999243]
[-1.4847511084995721]
[-1.480595661363917]
[2.514143669338856]
[-0.9592048702604844]
[3.5694450035697827]
[-0.562966477506577]
[4.669639910921521]
[-1.0098218011929037]
[5.632772311371341]
[-7.771561172376096e-15]
[0.0]
[-8.528171832962563]
[-2.6312417786551316]
[-8.65345940906987]
[4.458672161236913]
[-9.14115271208839]
[2.344682910772799]
[-8.964042945478]
[4.752482065020147]
[-6.4872443083278135]
[7.504959391962576]
[-8.951312901978115]
[3.6714077543961565]
[-6.796640425983442]
[-4.256120766196762]
[-6.182320277667555]
[-3.8561151666317706]
[-4.51200229508135]
[-4.594606952012867]
[-3.0263370556565654]
[-4.065311454767879]
[-3.9526493901399533]
[5.050962133821005]
[-2.5910141710903343]
[-4.9243074767282575]
[-2.4264625180742403]
[-3.51684854916138]
[-2.6863663164360476]
[-2.3828850552589245]
[-2.572904650689276]
[-1.2757362855802326]
[-2.6102965396564795]
[2.436172567675146]
[-1.9316589785981408]
[3.773046238417198]
[-2.150690183236773]
[4.443986858816897]
[-1.2182839988441763]
[5.990622182063928]
[-1.1546319456101628e-14]
[-1.9040324872321435e-14]
[-2.143429651905925]
[-9.138480767282088]
[-3.568652356956253]
[-7.915264087018755]
[-8.376382975167317]
[-4.210521246629433]
[-7.1612158199360145]
[-7.464900697442824]
[-6.068303415164836]
[-8.451522350767066]
[-8.93629549541065]
[-5.821894553528017]
[-0.7944369600426251]
[-8.004562539648388]
[0.7261708527762245]
[-6.998992392137839]
[1.8993900107108743]
[-5.727132078457706]
[1.4906176555551438]
[-5.063649606997744]
[-7.269033268689091]
[-1.599963004563554]
[2.4427348916810256]
[-3.868236524468857]
[1.418529553202462]
[-3.744945817275172]
[0.6835775105385373]
[-3.0797779054010936]
[-0.3230510418341579]
[-2.974794420264363]
[-4.458484209264812]
[-1.134562976925827]
[-5.127397801982161]
[-0.368337380641374]
[-6.202485341269437]
[0.5078929869831769]
[-6.879393441540797]
[-0.47614822870973933]
[-9.769962616701378e-15]
[-1.3766765505351941e-14]
[-1.0684859138937712]
[-9.144525164325263]
[-6.676084390043454]
[-7.13108928447785]
[-7.369219034754891]
[-6.965209690791286]
[-8.37220440704255]
[-8.238763239380384]
[-11.908381103722611]
[-2.705280369880806]
[-6.970111749381764]
[-7.281561435688348]
[0.36687423713198974]
[-7.2744970553161625]
[1.5574024625348715]
[-6.639784621937268]
[1.0485475378869866]
[-6.076067533428788]
[0.7754990823959504]
[-4.6857882798086345]
[-7.207387117995103]
[-2.6091159958882013]
[1.5805530491863893]
[-3.5282476558987783]
[0.20570725805008472]
[-3.6014765518356278]
[-0.7050550690105721]
[-3.2411433811841466]
[-1.7684266664449675]
[-2.720925099684238]
[-5.0778795499608576]
[-1.024975678672393]
[-5.533411311145321]
[-1.8726484287729004]
[-6.886280255494207]
[-2.2759138240839576]
[-7.902731966559486]
[-1.1245410096403834]
[5.551115123125783e-16]
[1.2434497875801753e-14]
[8.376698509762745]
[-0.49443186341907364]
[4.709161853248605]
[-8.037792921943863]
[4.0442033245943865]
[-9.162866653185876]
[7.547751696401024]
[-7.014333616770836]
[5.700615993499962]
[-10.260698309335408]
[0.5471398581261062]
[-10.550087031101835]
[6.686467674555273]
[-0.9569648729635478]
[5.67045969684694]
[0.4210071749666895]
[5.112025754303318]
[0.5825346875399973]
[4.080933601152847]
[0.8250287233617541]
[0.40568963394532764]
[-7.704039394304179]
[2.8729716437198123]
[1.61016059210335]
[2.426344920046917]
[0.1934175029514016]
[2.2110128601681005]
[-0.4406945582073831]
[1.8920491928909495]
[-1.5318606556958523]
[0.16174982163673576]
[-4.909133420596983]
[-0.11853920324506248]
[-6.238918819338199]
[-0.21232110379774044]
[-7.33746860947687]
[-0.2432530781814811]
[-8.797828558398903]
[1.1379786002407855e-14]
[-3.730349362740526e-14]
[7.518922991278892]
[-1.0275340972916096]
[6.222741598041715]
[-5.870748656713158]
[6.004017906920482]
[-7.060474345360839]
[3.7745704029023406]
[-7.95860621275444]
[2.0067697653201058]
[-11.277986937528226]
[4.423078858825196]
[-9.634123428641125]
[5.246763345897495]
[-0.41810308519300143]
[4.388989359804755]
[0.826358051707814]
[4.001080011792858]
[0.25719502729499055]
[2.9818465789074513]
[0.8611920766548309]
[2.0421201622943608]
[-8.321350937950047]
[1.809454579625298]
[1.252143967849733]
[1.6995589649980931]
[0.38255882681686515]
[1.252945862429519]
[-0.6170910650029597]
[0.9059282313053338]
[-1.4622743749614768]
[-0.479290285451948]
[-5.705119455727778]
[-0.5310509173101232]
[-5.534687049539729]
[-1.6300686750182984]
[-6.462887957597616]
[0.46192193677749394]
[-8.321165474118382]
[0.0]
[-2.4868995751603507e-14]
[6.704870430699499]
[-1.5700104727731619]
[1.5686580396596659]
[-7.869020885677195]
[5.229050647312688]
[-7.281124309664542]
[2.687823674838232]
[-9.260813271548336]
[-1.5936350542323463]
[-10.877427569873351]
[3.509633469176616]
[-9.209611410234906]
[4.8514873286974245]
[-0.1686270714108815]
[3.5465708051700853]
[-0.03968306689949941]
[2.886964705966464]
[0.6425809831701699]
[1.9778371198711016]
[0.9305472250987439]
[-1.9217103831235056]
[-8.234506555947164]
[0.9517127390240459]
[1.220955423645412]
[0.5756980503871738]
[0.33140981610614517]
[0.2443755528267597]
[-0.5708758524672541]
[-0.10920963482163693]
[-1.5207326053099361]
[-1.45485491277042]
[-5.40254255474775]
[-1.1817126594485843]
[-6.017172221522396]
[-2.790638428039366]
[-7.657247980920792]
[-1.833725048062512]
[-8.305254512589375]
[9.769962616701378e-15]
[-5.329070518200751e-15]
[0.8557440807708945]
[7.139591870305525]
[6.410527499491747]
[3.545439574914247]
[6.124259494527114]
[4.429396466674716]
[8.394008312675446]
[2.0747770835459525]
[8.407772303126494]
[4.863266741308591]
[9.944373778091595]
[1.8890550156917607]
[-1.4724206613819604]
[4.550176468751325]
[-0.6640520825120335]
[3.6986867954927045]
[-1.5530029564553915]
[2.775946173090961]
[-1.8567323668420777]
[1.7964787144777694]
[7.360856144099997]
[-1.3206920831511617]
[-2.1299079470206967]
[0.8544091089251236]
[-1.316050188072433]
[0.5944494860082679]
[-0.42861712483012315]
[0.21866412657605316]
[0.4842797987212091]
[-0.14666113831728467]
[3.796276599238494]
[-1.5430475755973894]
[5.151539562856764]
[-2.515891525178204]
[5.373888965157643]
[-2.0776297412801896]
[7.395608736485055]
[-2.4230922924944287]
[3.552713678800501e-15]
[9.325873406851315e-15]
[-1.7781047208730376]
[6.384500726070327]
[5.305675004432785]
[4.133841760261147]
[6.361185727705646]
[3.6420531386828916]
[6.895078615165405]
[4.263195378949005]
[8.137380100219985]
[2.730414565069553]
[6.967461646578854]
[0.4617856843462289]
[-1.4449544438215582]
[4.789409357582692]
[-2.0528351436695393]
[4.07546053910924]
[-2.723757953364432]
[2.514519540889795]
[-2.6401444831195997]
[2.1163729338403723]
[6.286344413259392]
[-1.467120831249534]
[-3.337603094876595]
[1.045740701199005]
[-2.5085767459358665]
[0.7324723717908106]
[-1.3464588003944717]
[0.22227821967749684]
[-0.5235272557126098]
[-0.15410876906941118]
[3.268354332846968]
[-1.7404096203595274]
[4.198811039084949]
[-2.4927074392699584]
[4.98409954147815]
[-2.68618146018724]
[5.704611485275305]
[-3.250839403282482]
[5.773159728050814e-15]
[-2.6645352591003757e-15]
[-7.480955084716038]
[-0.9842814970550524]
[-4.063022711265734]
[5.71537834794454]
[-4.262310266304112]
[6.48984258054275]
[-3.5438925679083204]
[7.345708243893213]
[-4.362000147531682]
[8.424915607267486]
[-2.8878694170845534]
[7.715751998077424]
[-5.643698687679448]
[-1.462691342309041]
[-4.578157460655307]
[-3.222955874349749]
[-3.8913830071474176]
[-2.8945548335475646]
[-2.901994301217165]
[-2.7858922455257584]
[0.7514861757411069]
[6.540787171964288]
[-2.462916090720119]
[-2.813030499712041]
[-1.514358980564955]
[-2.013579539148364]
[-1.0420600767985935]
[-1.4106231869775936]
[-0.8055349884444172]
[-0.4821118841272263]
[0.6965436429832812]
[3.3534165687579005]
[0.3343541788852482]
[4.515495910705702]
[1.8737565159170169]
[4.919928942421711]
[2.584581680945393]
[6.560268195705392]
[-1.1546319456101628e-14]
[8.881784197001252e-15]
[-8.73786006351954]
[2.5703027996633754]
[-4.335671662627497]
[6.765398897418397]
[-5.168809260343164]
[7.550143017438002]
[-7.444813253683939]
[5.560895769370882]
[-5.318691035293853]
[8.053441454264913]
[-2.071287842863798]
[7.638394968341255]
[-7.168798414932417]
[1.1280402506252827]
[-5.991810207313879]
[-3.0357410128666134]
[-4.822764719639379]
[-2.500495959910997]
[-3.753539499558458]
[-2.8200104399025863]
[0.8012832263668956]
[6.311570693447824]
[-2.5236291361731227]
[-3.4842053019978945]
[-2.5606000253251535]
[-2.4422106217721744]
[-2.2733441262166596]
[-1.3559487057037396]
[-1.821760245000793]
[-0.5800072522351414]
[-0.19789561943912443]
[3.344053309117368]
[0.7598138521556819]
[3.775763208240826]
[0.8338673718945548]
[4.749209235486284]
[-0.36538300291515213]
[6.276172382457359]
[-3.019806626980426e-14]
[-3.9968028886505635e-15]
[-3.806874239451047]
[-9.603348726328703]
[-8.3042034479436]
[-4.48043549390208]
[-9.023256416865724]
[-1.6234083474874568]
[-9.938788845276004]
[-0.6518732506871836]
[-10.546405777431406]
[0.8115254999317398]
[-8.72841719579808]
[-3.234981523618011]
[-3.098575986331726]
[-6.090394921112061]
[-0.726058800737464]
[-5.846983081101739]
[-0.034123326152682765]
[-4.895106373947639]
[0.16258210726658717]
[-4.844564195269676]
[-6.8875113646822275]
[0.5453344679203176]
[1.380006154095386]
[-4.137677154864542]
[0.19250409259612766]
[-3.3705271638794123]
[-0.7272690444851175]
[-2.471247420575219]
[-1.151675265376488]
[-1.8783433466523685]
[-4.214730101172816]
[1.1348765587701115]
[-4.461567628162619]
[1.7038498567498535]
[-5.206551468104984]
[1.676763100180226]
[-6.658207533064817]
[1.2701555793591273]
[3.552713678800501e-15]
[-1.687538997430238e-14]
[5.8947242293604765]
[-5.565500031041116]
[1.3348994534985827]
[-8.048435178222523]
[-0.9747686081342515]
[-9.208799227483388]
[-0.544490831432114]
[-9.024384427319115]
[-1.7608724781143277]
[-10.669760140897402]
[0.12003839004845496]
[-10.172345233693928]
[5.938805707131563]
[-0.9207561442787933]
[4.94616976940703]
[-1.7628357042489675]
[4.647129326159783]
[-0.6617063881447862]
[3.3643818212257592]
[-0.174831082970484]
[-3.3701582092418416]
[-6.416120061561977]
[2.9906593947864524]
[1.0370838339549842]
[2.3913150062054838]
[0.23778841597116784]
[1.501038675458311]
[-0.5140940082509076]
[0.8457772400648995]
[-1.183856891244548]
[-2.227308606448436]
[-4.140429411035496]
[-2.7265322178222373]
[-4.476427869269237]
[-4.161259958745925]
[-4.597768527675809]
[-5.57052502514358]
[-4.950871240646487]
[1.1546319456101628e-14]
[-1.3322676295501878e-15]
[1.111171124284125]
[7.561862429906696]
[6.901745434686314]
[3.5745085619877703]
[8.202387387047064]
[0.51065813827304]
[8.608246167517331]
[-1.0934515259524393]
[9.95941887493801]
[0.3033621677716001]
[9.122868604742335]
[-2.2623898189043863]
[1.3069247345665795]
[6.345083621585951]
[-0.5280027608328419]
[5.182602835709796]
[0.22297181265980992]
[4.104509040019915]
[-2.0150959584873354]
[3.552839369211694]
[5.93033150336545]
[-3.818723872369548]
[-1.8074641579748327]
[3.1871659264050325]
[-1.1100701315288592]
[2.211235303285818]
[-0.5057544230595932]
[1.5666148737672478]
[0.20511312956562033]
[0.8769024166006161]
[3.3277055554540813]
[-1.5574041815860298]
[3.6257727800420474]
[-2.679585284222791]
[3.7672562321149936]
[-4.133842567210198]
[5.655372913279313]
[-3.797284268254862]
[4.440892098500626e-16]
[1.2434497875801753e-14]
[-7.695780495864448]
[3.860778106543809]
[-3.583085758316361]
[7.401186753312475]
[-3.5398003242945175]
[7.9333261587992245]
[-2.929833520040496]
[8.910446063395733]
[0.18432398078772616]
[9.911810459984443]
[-1.600048954763913]
[9.191841853671923]
[-6.580070158361744]
[1.0126938558485428]
[-6.111563094595885]
[1.0907493088226499]
[-5.645968161525213]
[-1.2206216724087913]
[-4.581905976502981]
[-1.5236513313423803]
[2.9545773049580593]
[6.21519158875416]
[-3.5213689321751582]
[-2.162290130935089]
[-3.7853155771666844]
[-0.6310922046642986]
[-2.4285893349225174]
[-0.5780150058694442]
[-1.9739702660265235]
[0.22027719425121628]
[0.7902125126123747]
[3.2567099910926665]
[1.0827559803465001]
[4.330707641354401]
[1.7356988906337634]
[4.748482923204255]
[3.8103910804541714]
[4.953320700860507]
[-1.9984014443252818e-15]
[1.865174681370263e-14]
[-9.141444893627126]
[3.288132224133806]
[-5.768102131791356]
[6.565158531911891]
[-3.424435395116631]
[7.702991476553038]
[-4.708169442763075]
[7.617321720274411]
[-1.3522123313184327]
[9.25048558843895]
[-3.349080781026035]
[8.266794681998485]
[-7.969588738471018]
[3.3994952461571986]
[-7.3813524587827795]
[0.6441947351044721]
[-6.376556889728865]
[-1.5207427407898901]
[-5.657577367637354]
[-1.7360358544285317]
[2.7549246204855833]
[5.2735855034272845]
[-4.93195775671086]
[-1.0887051077076615]
[-4.1810527950213965]
[-1.5678380187228216]
[-3.538455087147467]
[-0.575338360661851]
[-2.979554846635546]
[-0.18798718903772205]
[0.3094091326608346]
[3.215756381500765]
[0.8738030670781094]
[3.9085800970419564]
[1.5715155608084792]
[4.876007572319586]
[1.4681339303259968]
[5.550493769503421]
[3.3306690738754696e-14]
[6.217248937900877e-15]
[-10.679538812137638]
[-0.54093470399848]
[-5.257787288751829]
[6.255276982179325]
[-6.361431917400362]
[6.703310047930643]
[-5.014971684609576]
[8.469066979999383]
[-2.7722528189504105]
[10.104508709174109]
[-1.4467089899536498]
[8.487639443950133]
[-8.624576789754617]
[0.5001872725712895]
[-7.603993238510268]
[2.6290202419005126]
[-7.269619177993258]
[0.8747949743053169]
[-7.032027428888895]
[-0.9361904607754532]
[1.3913200474466496]
[5.2215542088589615]
[-6.108461578245451]
[-2.2871838955883383]
[-5.373384183114278]
[-1.7553451912956666]
[-4.919702888068607]
[-0.12769992680689768]
[-3.8844831071872057]
[0.1654159780974238]
[-1.2801688649805514]
[3.184874108762748]
[-0.10988693835429245]
[3.655523804578615]
[-0.04604971524885976]
[4.564016200199753]
[0.20047115362729018]
[5.467469605473307]
[-2.7200464103316335e-14]
[2.4868995751603507e-14]
[-10.519110941903532]
[2.109239206060219]
[-6.2008108262776505]
[7.210634029775571]
[-6.492278173059906]
[7.546446021851086]
[-5.499550120056417]
[8.184332153490091]
[-4.710549834836427]
[9.945704240381062]
[-5.321812412835345]
[8.936399108177772]
[-9.950947900608538]
[-0.6447368865540124]
[-9.525674298673547]
[-1.5810839370509555]
[-7.937481924520417]
[-1.0954668361036326]
[-7.601825688511951]
[-1.1975779107699474]
[-1.132578380309326]
[6.048432405604052]
[-7.082610352546989]
[-1.8080032370203245]
[-7.14742828671646]
[-1.0784482954177772]
[-5.3582655298684605]
[-0.6768666923216209]
[-5.141040046759796]
[1.0840287213903128]
[-2.1802382071834234]
[3.309496539702865]
[-1.432450162702291]
[3.9257222803788965]
[-0.6863258347887927]
[4.718943046300888]
[-0.6555745001348832]
[5.016828660938954]
[8.465450562766819e-15]
[-2.6645352591003757e-15]
[-11.55909835440177]
[3.412888378476567]
[-6.671391690132742]
[8.090194863545669]
[-6.744421915350168]
[7.246036936680324]
[-7.273198989203918]
[8.622949817870646]
[-7.856679067174798]
[8.082748829519225]
[-2.6158868351132973]
[10.214753193370154]
[-11.063817671295936]
[-3.0046701850359527]
[-10.474399973674034]
[-3.969034002285591]
[-8.177113899579904]
[4.999716807900881]
[-9.215958457890029]
[-1.705270824763688]
[-0.349218086783163]
[6.3977490192541975]
[-7.7605436399652925]
[1.0899819251973222]
[-7.54890596731361]
[-0.8047437275426388]
[-6.245857095038772]
[-0.7798599919544538]
[-5.868597253622184]
[0.4355808264292227]
[-3.2360138704199835]
[3.1463278474630316]
[-2.216152031126253]
[3.4953024388939475]
[-1.509477635413345]
[4.968355615010523]
[-0.23570797644775238]
[5.247942461318991]
[1.7763568394002505e-15]
[1.4654943925052066e-14]
[-3.52127498599147]
[-11.904907144529826]
[-8.719097432831116]
[-5.780582631921602]
[-8.794155840206137]
[-5.841364973271215]
[-10.411680967722788]
[-5.082545309187211]
[-9.819540358432423]
[-2.609606453914876]
[-10.808360246743263]
[-3.7773455283846364]
[-1.8244858776411128]
[-10.722027641789175]
[-1.99342211466465]
[-10.581535494910886]
[0.4755066031137041]
[-9.579480379678264]
[-1.310675056598158]
[-8.27243912083026]
[-7.1965260899128545]
[-2.683857335390008]
[1.5582894994488266]
[-7.937728646271008]
[0.30600690027201516]
[-7.288697028947662]
[-1.019728965362713]
[-6.780112661665079]
[-1.6838795473620722]
[-5.744137692091323]
[-4.221135721528979]
[-2.9171607476778805]
[-4.834365227870769]
[-2.0185924147569896]
[-5.711996702381529]
[-2.160811630076329]
[-6.791483122575566]
[-1.554050870446189]
[-2.3092638912203256e-14]
[5.329070518200751e-15]
[10.492369121117251]
[-3.4322152261229215]
[6.973784863070191]
[-7.721828832665943]
[5.600659715145013]
[-8.794053984250423]
[8.52420285023413]
[-7.501247339262783]
[5.3205469483604935]
[-9.365472366927488]
[3.7594549031864357]
[-9.56518863028842]
[10.342407325985016]
[-1.9481286219993006]
[9.044724914238863]
[-3.1097138113518197]
[7.823458605119799]
[-0.5657619677995838]
[7.329793062194573]
[0.7021483351325317]
[0.30728679474526444]
[-7.069339296865997]
[7.075179301306219]
[0.8879746274624027]
[6.00692903108664]
[1.22657042383008]
[5.349928856212347]
[-2.0354397698315294]
[4.833454483845151]
[-0.9422704862564348]
[2.0819715695765066]
[-4.1104901450094316]
[1.3189123672532468]
[-4.619963343617054]
[0.36051473620015595]
[-6.080037543654233]
[-0.6849617267421197]
[-6.611650149828124]
[2.3092638912203256e-14]
[-1.3739009929736312e-14]
[-0.6297078701502938]
[10.906094949104974]
[6.01576223681126]
[7.729967244164369]
[8.624052154184676]
[5.163119050489788]
[9.869261902107443]
[3.424242582057067]
[10.596892043427097]
[1.4305210215076842]
[8.960080868110746]
[3.456657359073846]
[1.9454090372966544]
[8.449655430804457]
[0.004181693294356137]
[8.78500161817086]
[-2.520157554497408]
[7.930679244127277]
[-1.7482821123825945]
[7.68542697394347]
[6.172478251832601]
[0.57929677703655]
[-1.3044002747781152]
[7.378904693432586]
[-0.4154267818255404]
[6.111088711512307]
[-0.9857306745901013]
[5.726235185005799]
[0.8122075568555651]
[4.651757829035586]
[3.4701723437878647]
[1.7940289381189956]
[3.6282270966906447]
[1.4362101247224592]
[4.127209477311404]
[0.13411456861803486]
[5.605438782939177]
[-0.19893236292173186]
[-3.247402347028583e-14]
[3.552713678800501e-15]
[-11.301042374797884]
[3.9291092529046283]
[-8.038492439701564]
[5.859152847560315]
[-3.339884076727286]
[9.783327796683936]
[-6.58700932503417]
[7.758191036428531]
[-2.357767860600462]
[10.371419627002524]
[-5.255173490499986]
[9.137998594659399]
[-10.463972260077135]
[3.1655263840925265]
[-10.118970409974182]
[-0.38518755208008937]
[-10.058738928685052]
[-1.204292078682431]
[-8.861188578537565]
[-0.2401159496354195]
[-1.8919584628013726]
[5.80144294709438]
[-7.8392429571251085]
[-2.366506745639673]
[-7.6632690316968715]
[0.6077464797658374]
[-6.564793050179976]
[-2.309098990070768]
[-5.844137964288101]
[0.5552016878137689]
[-3.0502450475028975]
[3.5203854181094387]
[-3.021060157673287]
[3.4954652509174684]
[-1.8381404882950043]
[4.610989867748366]
[-0.45901416850600396]
[5.302084807406708]
[-7.993605777301127e-15]
[-2.3092638912203256e-14]
[-0.5312982656659528]
[-12.679829346694]
[-7.442787563351911]
[-7.979336524174224]
[-8.704489012990903]
[-6.377087538914405]
[-9.925369148206542]
[-4.726933006195747]
[-8.684500118536919]
[-7.204974440243717]
[-10.09287644520478]
[-2.1881465483876075]
[-3.3049566342749452]
[-10.738732077788592]
[1.5817905339051483]
[-10.177935492182177]
[-1.9549155605810116]
[-8.636234763017233]
[0.48313477937909344]
[-8.582875484908682]
[-7.356206938671803]
[-0.7200393573185863]
[1.9657263943568362]
[-8.076991175093774]
[1.389098749462394]
[-7.231700920211761]
[-1.2341467333740512]
[-6.331765949513192]
[-1.373005003586937]
[-6.045902724491279]
[-5.058045852607781]
[-2.3361511738204674]
[-4.432170662360561]
[-3.129098920414281]
[-5.4148398593029325]
[-1.778707604013713]
[-6.131597974963828]
[0.8218984190322083]
[-4.052314039881821e-15]
[1.865174681370263e-14]
[10.78669845853171]
[-3.8850816450684587]
[6.738905118551672]
[-7.68157810709074]
[1.2413546593262685]
[-10.856482259707995]
[8.946876903761373]
[-6.669328296725215]
[7.048229945309574]
[-7.8985683783425715]
[4.390789164611018]
[-10.886861761365862]
[10.553653455866996]
[2.5796105960999345]
[8.877293854983378]
[-2.6666961873613637]
[8.2168740900014]
[-2.114892340626792]
[7.4461359524571815]
[0.25363027492595336]
[1.5652374634465946]
[-6.729556000222414]
[7.150987399696277]
[0.3927856598805537]
[6.302707323993564]
[1.1585810888415091]
[5.361583917409302]
[-0.9578124159525157]
[4.241552160975958]
[-1.2739628280910997]
[2.536668335822278]
[-4.080421198081512]
[1.571333226716438]
[-5.316047705877111]
[-0.046369207257048184]
[-5.853869874878802]
[-0.3009579371921313]
[-6.271225756119197]
[-5.88418203051333e-15]
[-1.7763568394002505e-14]
[9.503275399565696]
[-5.86251298142876]
[6.478479798855892]
[-7.851270018746146]
[6.392439690040856]
[-8.574516654749404]
[2.03799412532033]
[-10.246034741926202]
[1.727714553829926]
[-10.561546179023642]
[3.80993371208317]
[-9.771464383899215]
[8.617769523299183]
[-3.826677887786829]
[8.784053312158044]
[-0.9757557662357721]
[6.953109255485366]
[-1.6004822902706168]
[7.089585982960989]
[0.5750637010739137]
[0.5818747657802249]
[-7.20913052152901]
[6.200944101878673]
[0.5361659832290133]
[5.025752179458566]
[0.7604650439700675]
[4.66567802788677]
[-0.9253101371549954]
[3.653280314323649]
[-1.5476064304506068]
[0.21339098987818514]
[-4.518666353573585]
[0.3114753888526983]
[-4.948420616267888]
[0.34404118732746614]
[-5.5149592967970404]
[-0.19713639422297585]
[-6.756386206160052]
[-1.7763568394002505e-14]
[1.9984014443252818e-15]
[3.050562760440136]
[10.244787779368774]
[8.38697951606973]
[1.8203018661356398]
[8.42015322345917]
[5.668658614484063]
[8.87223965471972]
[3.550814324963548]
[10.063249575980553]
[1.9537065843531167]
[8.226402099618262]
[4.901933881509475]
[2.178622222364371]
[8.877295988956138]
[0.3861618137808476]
[7.597191508304481]
[2.7400661224115046]
[6.674953421488755]
[-2.0154475639179106]
[6.074781452780162]
[6.291050711244273]
[0.3461582114264976]
[-1.7058030384168443]
[6.0110693554948575]
[-0.592225375658928]
[5.223522615000622]
[-0.7201045656215941]
[4.58060263849469]
[0.5728714443984293]
[3.6157063259567432]
[3.2082493320997436]
[0.8715042363512489]
[4.1288690733196285]
[0.22041786756864523]
[4.459226681376694]
[-1.1399195143377603]
[5.725362096032574]
[0.7257827955355773]
[1.5987211554602254e-14]
[2.4868995751603507e-14]
[-0.21742083922838873]
[9.823057381776342]
[7.410071675505336]
[3.7635167022334386]
[6.0773960093939365]
[4.514434411369661]
[9.081216902550473]
[2.1085892954738825]
[7.776155870231748]
[5.241595627335762]
[8.720199796812306]
[1.323929342002885]
[-0.21952103467307005]
[8.834379804947341]
[1.9704282985149488]
[8.226781102375586]
[-1.0865747644117967]
[7.746699993830099]
[-2.4303775135544328]
[6.690329702084622]
[4.811283491148359]
[0.48849888988682455]
[-5.2806887233600435]
[4.660771988962914]
[-1.969399851081243]
[5.3860782078920035]
[-1.3067451337983726]
[4.438710902128136]
[-1.5357460996100203]
[3.9361280579339057]
[2.4371640420730363]
[0.9370669381206638]
[2.9610474237397035]
[0.0762443127291419]
[3.4596133350038523]
[-0.928276923445446]
[4.554531676598219]
[-1.086948351209275]

-----------
Part A Test Case 6
  Failed: Distance greater than tolerance 0.15
  Expected Location:	(4.36015683946476, -3.0683430663127336)
  SLAM Location:	(0, 0)
  Credit: 0.0

-----------
Part B Test Case 1
  Failed: Traceback (most recent call last):
  File "testing_suite_gem_finder.py", line 144, in execute_student_plan
    state.generate_measurements())
  File "/Users/Willie.Zeng3@ibm.com/artificial_intel/Gem_Finder__SLAM__export/gem_finder.py", line 219, in next_move
    raise NotImplementedError
NotImplementedError

  Credit: 0.0

-----------
Part B Test Case 2
  Failed: Traceback (most recent call last):
  File "testing_suite_gem_finder.py", line 144, in execute_student_plan
    state.generate_measurements())
  File "/Users/Willie.Zeng3@ibm.com/artificial_intel/Gem_Finder__SLAM__export/gem_finder.py", line 219, in next_move
    raise NotImplementedError
NotImplementedError

  Credit: 0.0

-----------
Part B Test Case 3
  Failed: Traceback (most recent call last):
  File "testing_suite_gem_finder.py", line 144, in execute_student_plan
    state.generate_measurements())
  File "/Users/Willie.Zeng3@ibm.com/artificial_intel/Gem_Finder__SLAM__export/gem_finder.py", line 219, in next_move
    raise NotImplementedError
NotImplementedError

  Credit: 0.0

-----------
Part B Test Case 4
  Failed: Traceback (most recent call last):
  File "testing_suite_gem_finder.py", line 144, in execute_student_plan
    state.generate_measurements())
  File "/Users/Willie.Zeng3@ibm.com/artificial_intel/Gem_Finder__SLAM__export/gem_finder.py", line 219, in next_move
    raise NotImplementedError
NotImplementedError

  Credit: 0.0

-----------
Part B Test Case 5
  Failed: Traceback (most recent call last):
  File "testing_suite_gem_finder.py", line 144, in execute_student_plan
    state.generate_measurements())
  File "/Users/Willie.Zeng3@ibm.com/artificial_intel/Gem_Finder__SLAM__export/gem_finder.py", line 219, in next_move
    raise NotImplementedError
NotImplementedError

  Credit: 0.0

-----------
Part B Test Case 6
  Failed: Traceback (most recent call last):
  File "testing_suite_gem_finder.py", line 144, in execute_student_plan
    state.generate_measurements())
  File "/Users/Willie.Zeng3@ibm.com/artificial_intel/Gem_Finder__SLAM__export/gem_finder.py", line 219, in next_move
    raise NotImplementedError
NotImplementedError

  Credit: 0.0

-----------
Part B Test Case 7
  Failed: Traceback (most recent call last):
  File "testing_suite_gem_finder.py", line 144, in execute_student_plan
    state.generate_measurements())
  File "/Users/Willie.Zeng3@ibm.com/artificial_intel/Gem_Finder__SLAM__export/gem_finder.py", line 219, in next_move
    raise NotImplementedError
NotImplementedError

  Credit: 0.0

-----------
Part B Test Case 8
  Failed: Traceback (most recent call last):
  File "testing_suite_gem_finder.py", line 144, in execute_student_plan
    state.generate_measurements())
  File "/Users/Willie.Zeng3@ibm.com/artificial_intel/Gem_Finder__SLAM__export/gem_finder.py", line 219, in next_move
    raise NotImplementedError
NotImplementedError

  Credit: 0.0

-----------
Part B Test Case 9
  Failed: Traceback (most recent call last):
  File "testing_suite_gem_finder.py", line 144, in execute_student_plan
    state.generate_measurements())
  File "/Users/Willie.Zeng3@ibm.com/artificial_intel/Gem_Finder__SLAM__export/gem_finder.py", line 219, in next_move
    raise NotImplementedError
NotImplementedError

  Credit: 0.0









part A score: 0.00
part B score: 0.00
part C score: 0.00
score: 0.00
